-110474.666232
-59913.682624
-33140.671344
-23702.393725
-19818.482568
-17629.741070
-16651.395108
-15695.695249
-15049.837419
-14566.590581
-14097.852066
-13798.470941
-13711.050682
-13514.434292
-13255.524594
-13187.984197
-12906.228565
-12980.108056
-12774.600446
-12604.320557
-12481.905159
-12427.729349
-12368.799524
-12247.555065
-12242.787460
-12243.866227
-12255.759466
-12029.028933
-11845.351563
-11795.938300
-11631.484573
-11361.634927
-11219.312355
-11089.634873
-10954.935286
-10983.099130
-10949.838658
-10913.216408
-10928.326393
-10828.438318
-10859.078733
-10786.052417
-10697.455551
-10726.565756
-10624.993776
-10628.416985
-10567.989782
-10436.365965
-10448.888995
-10376.568017
-10283.183396
-10273.379705
-10179.998721
-10050.616533
-10015.436896
-10113.097360
-9922.456125
-9903.318661
-9787.788596
-9757.108241
-9629.948764
-9704.200574
-9716.748877
-9616.639038
-9719.715767
-9742.190207
-9583.976870
-9676.366494
-9510.341727
-9444.748629
-9549.388243
-9369.668277
-9472.124097
-9447.731988
-9382.048185
-9474.421406
-9273.885812
-9377.941474
-9427.512955
-9418.517004
-9405.385666
-9264.207509
-9269.807996
-9218.423324
-9245.004827
-9257.536912
-9260.051523
-9236.357298
-9163.839240
-9121.030917
-9106.353214
-9222.672617
-9242.792418
-9259.228230
-9179.385619
-9212.083478
-9196.823369
-9153.475172
-9183.347675
-9202.588381
