-87922.705059
-53851.338420
-34988.706510
-27157.270693
-23206.551889
-20814.377446
-19578.500604
-18578.522566
-17577.503166
-16449.118564
-15733.365685
-15102.016264
-14888.230112
-14591.779328
-14286.819904
-14222.889287
-14114.032778
-13889.536814
-13749.355163
-13828.802597
-13622.323412
-13264.598953
-13013.427903
-12929.852171
-12643.175624
-12371.180049
-12029.542590
-11961.495306
-11713.488488
-11588.850299
-11344.826501
-11286.127833
-11017.566761
-11085.535829
-10879.777754
-10906.286217
-10820.119512
-10952.100591
-10885.915432
-10840.350371
-10818.696546
-10694.708791
-10618.602213
-10799.859084
-10594.318606
-10643.884226
-10610.521895
-10698.792094
-10753.479383
-10614.990978
-10680.958702
-10708.151122
-10600.948470
-10636.101002
-10574.616695
-10671.073310
-10599.369623
-10376.624767
-10516.626449
-10606.431095
-10608.493037
-10644.260025
-10476.998858
-10565.287499
-10544.338669
-10495.700310
-10517.798799
-10627.084344
-10525.178727
-10684.221581
-10685.845752
-10791.722610
-10681.564737
-10677.958292
-10713.058120
-10712.410281
-10671.747337
-10649.242504
-10610.833195
-10542.336090
-10552.414980
-10667.061570
-10542.754569
-10665.408917
-10731.171034
-10646.103791
-10510.970437
-10481.437223
-10473.916972
-10595.965127
-10526.210651
-10508.279836
-10586.300736
-10481.232122
-10338.351248
-10399.995385
-10430.379393
-10658.374710
-10559.818554
-10571.498403
