-7.228111
-6.610850
-6.473284
-6.419078
-6.323386
-6.055625
-5.912288
-5.864432
-5.814444
-5.756530
-5.728432
-5.725814
-5.706085
-5.688268
-5.682981
-5.688592
-5.671923
-5.664220
-5.682485
-5.676749
-5.659844
-5.677155
-5.675646
-5.683277
-5.660904
-5.667497
-5.683214
-5.668234
-5.661171
-5.669159
-5.657952
-5.663963
-5.659751
-5.668003
-5.665151
-5.665840
-5.659102
-5.664777
-5.667477
-5.657325
-5.657122
-5.653709
-5.657906
-5.660287
-5.655200
-5.664266
-5.649823
-5.661465
-5.655343
-5.644816
-5.661856
-5.657830
-5.662421
-5.666269
-5.666012
-5.666262
-5.660695
-5.645150
-5.651943
-5.639999
-5.646887
-5.648403
-5.649980
-5.643721
-5.653262
-5.652154
-5.650389
-5.649744
-5.641950
-5.639443
-5.655620
-5.650051
-5.647979
-5.647860
-5.657793
-5.635666
-5.648949
-5.648878
-5.651096
-5.656926
-5.670363
-5.639010
-5.653303
-5.649731
-5.663457
-5.663454
-5.644370
-5.641485
-5.655425
-5.655506
-5.669373
-5.647243
-5.668315
-5.666790
-5.648751
-5.642327
-5.643135
-5.658310
-5.653760
-5.653679
