-7.883745
-6.860704
-6.346651
-6.122123
-5.953463
-5.867352
-5.801673
-5.764493
-5.760545
-5.753057
-5.704607
-5.692498
-5.695504
-5.682872
-5.676995
-5.658766
-5.654036
-5.655945
-5.668242
-5.678631
-5.653632
-5.637572
-5.629267
-5.636175
-5.634788
-5.609842
-5.604345
-5.604712
-5.611660
-5.591911
-5.577529
-5.570063
-5.534072
-5.521507
-5.530726
-5.527371
-5.525324
-5.528982
-5.524567
-5.521524
-5.525412
-5.536652
-5.517436
-5.523510
-5.515425
-5.513043
-5.516144
-5.502965
-5.517946
-5.508778
-5.501856
-5.518725
-5.514922
-5.518482
-5.527559
-5.517992
-5.526747
-5.517032
-5.529513
-5.522447
-5.529104
-5.531472
-5.528313
-5.517102
-5.514266
-5.515387
-5.514965
-5.514213
-5.520789
-5.523100
-5.515332
-5.509389
-5.496404
-5.501883
-5.495945
-5.507070
-5.507291
-5.504987
-5.514476
-5.493907
-5.504480
-5.507514
-5.502283
-5.506924
-5.505874
-5.515075
-5.512852
-5.515466
-5.497653
-5.499434
-5.501421
-5.525436
-5.528467
-5.512044
-5.512117
-5.520556
-5.508890
-5.530571
-5.515644
-5.517729
