-22391.094450
-18054.601650
-9892.794051
-6131.020921
-5333.914877
-4796.893072
-4445.690358
-4145.202027
-3858.570949
-3530.008356
-3335.014546
-3208.976837
-3082.900879
-3094.259183
-3010.220633
-2995.914050
-3075.251374
-3075.018014
-3078.852155
-3162.934915
-3098.894330
-3125.876508
-3136.203919
-3106.137840
-3044.153851
-3084.775671
-3071.339990
-3020.075457
-3124.611370
-3064.344689
-2978.664400
-3041.032844
-2980.580202
-3002.628839
-3032.284353
-3013.076890
-3009.496788
-3043.134229
-3018.500308
-3017.784214
-2985.221706
-2991.373108
-2947.993782
-2909.984690
-2914.187807
-2889.732491
-2880.563770
-2932.933287
-2919.031407
-2999.493914
-2983.378427
-2986.226096
-2927.531847
-2852.381937
-2782.224347
-2854.334455
-2824.250620
-2866.179768
-2910.693929
-2878.130171
-2904.552030
-2890.494581
-2864.955701
-2830.247290
-2862.791565
-2893.204329
-2847.192061
-2892.163117
-2835.666132
-2880.553008
-2824.954548
-2877.688273
-2839.281543
-2821.581326
-2907.673122
-2917.563422
-2903.648694
-2923.800802
-2949.877840
-2998.160435
-2890.571957
-2800.452148
-2914.590147
-2932.577684
-2948.991218
-3011.200864
-3010.477916
-3010.484896
-3045.119746
-3106.274966
-3118.297327
-3071.159082
-3044.600198
-3048.812532
-3007.062501
-3096.989847
-3123.529807
-3114.719832
-3102.170396
-3070.239659
-2943.885392
-2973.979960
-3006.248529
-3030.713384
-3018.622181
-2935.183084
-3000.841856
-3119.437393
-3083.331639
-3055.639108
-3052.571670
-3049.274440
-2977.255065
-3018.379307
-3010.815763
-3090.555359
-3026.644720
-2946.076196
-2980.489064
-2927.489525
-3011.744974
-2988.133874
-2988.239363
-2930.954275
-2969.681413
-3006.128736
-2951.839598
-2984.356723
-3047.265320
-3100.124287
-3018.990623
-3026.474978
-3040.646555
-3020.265499
-3023.887401
-3044.833593
-3080.959596
-3065.081964
-3016.329336
-3064.153849
-3003.607854
-3011.300635
-3074.622392
-3065.942080
-2989.753618
-2997.382044
-3023.885577
-2994.832191
-3017.678104
-3079.277096
-3056.308405
-3060.697563
-3076.853619
-3071.969326
-3053.907735
-3046.368387
-3030.186222
-3055.725138
-3073.089230
-3011.268108
-3082.652439
-3014.868600
-3007.894375
-3017.723689
-3070.489330
-3083.731873
-2995.318285
-2987.416656
-3017.084892
-3040.100626
-3119.084098
-3117.162852
-3043.469789
-3069.331360
-3028.225942
-3080.939010
-3101.041731
-3131.965848
-3080.150941
-3093.149467
-3103.715073
-3141.129574
-3040.209357
-3019.712946
-3104.499920
-3130.044746
-3072.234209
-3090.224014
-3109.848743
-3085.478770
-3057.244077
-3080.861652
-3061.758834
-3074.008890
-3082.883440
-3109.659342
-3141.188553
-3108.217047
-3055.538765
-3035.232738
