-23697.958507
-16938.523817
-11404.043257
-8225.406122
-6281.642375
-5311.929844
-4956.483496
-4769.091567
-4711.956019
-4672.064223
-4538.251878
-4418.750218
-4357.796402
-4274.884668
-4241.206271
-4228.523923
-4216.711530
-4226.002331
-4228.377070
-4214.997430
-4206.794685
-4199.686675
-4209.704339
-4204.998840
-4208.417677
-4202.386559
-4205.978430
-4219.734511
-4199.052061
-4220.844663
-4203.490742
-4200.306365
-4211.728032
-4201.838284
-4202.867237
-4201.414322
-4202.771101
-4192.549628
-4190.943885
-4213.504441
-4183.888402
-4191.188208
-4176.039780
-4178.545231
-4200.870788
-4182.767161
-4180.421751
-4187.282660
-4170.831213
-4192.252008
-4183.402829
-4169.601092
-4177.296905
-4184.376944
-4189.919332
-4192.609620
-4187.700434
-4183.582259
-4199.690481
-4194.658985
-4184.856028
-4196.050685
-4195.474248
-4188.059265
-4195.453891
-4176.829832
-4181.102406
-4187.424549
-4198.366629
-4199.971310
-4185.140809
-4187.210642
-4190.673120
-4186.105575
-4188.053842
-4172.361551
-4187.735038
-4178.462713
-4178.610808
-4186.923656
-4171.283308
-4186.785511
-4175.155063
-4189.366329
-4175.483947
-4171.469483
-4171.294744
-4170.992343
-4170.019792
-4184.580439
-4172.477772
-4181.417904
-4169.898147
-4176.540645
-4175.393795
-4187.597924
-4179.926264
-4182.837683
-4190.101592
-4169.355408
-4185.648784
-4180.016235
-4188.053180
-4183.857181
-4185.782938
-4183.278579
-4171.837850
-4183.608113
-4179.438090
-4174.673790
-4180.644512
-4183.294278
-4193.265345
-4191.720947
-4176.693212
-4173.067124
-4175.838280
-4180.015513
-4192.465764
-4167.212647
-4177.122948
-4171.810886
-4169.757773
-4183.099236
-4196.562459
-4186.762684
-4173.997880
-4196.037446
-4174.617846
-4190.734089
-4166.987022
-4168.121700
-4207.751578
-4205.907175
-4176.720545
-4171.932145
-4180.292109
-4172.711055
-4195.224336
-4179.867730
-4185.537649
-4205.800966
-4182.120046
-4188.737434
-4172.962073
-4184.777208
-4177.841758
-4189.418291
-4191.792452
-4185.518436
-4177.446015
-4175.592911
-4172.534147
-4165.664389
-4185.462006
-4190.999633
-4178.171130
-4180.680857
-4168.484472
-4198.296123
-4167.346830
-4184.452615
-4175.653145
-4189.266939
-4171.517169
-4186.184435
-4172.830716
-4179.398692
-4190.005781
-4175.868442
-4198.961102
-4165.721748
-4173.684075
-4167.690693
-4182.140625
-4183.920275
-4170.109905
-4183.739488
-4170.572585
-4177.998793
-4182.672371
-4185.683238
-4181.636847
-4176.151377
-4189.757696
-4171.631118
-4179.605981
-4167.790636
-4203.701086
-4180.586753
-4190.228026
-4186.783301
-4179.240249
-4171.897970
-4168.716750
-4161.477013
-4169.386170
-4154.138640
-4178.075145
-4175.377034
