-152452.247035
-109008.515477
-69030.945659
-49230.401256
-40972.977095
-35460.602482
-31934.684888
-29826.653993
-28043.944841
-26863.451575
-26130.790653
-25522.902097
-25200.941142
-25062.415781
-24736.424843
-24521.744574
-24336.574960
-24088.101856
-23905.965895
-23781.397932
-23547.323627
-23266.369354
-23084.946998
-22803.351899
-22660.869311
-22497.787116
-22188.852119
-22088.040418
-21903.887232
-21866.165613
-21764.895691
-21743.619110
-21775.235737
-21786.567987
-21645.935100
-21513.402221
-21366.546626
-21393.746734
-21325.060659
-21185.755961
-21131.373137
-20960.695982
-20872.401846
-20711.960699
-20482.140780
-20282.794974
-20089.224084
-19898.767442
-19750.341106
-19543.902032
-19634.751069
-19591.812438
-19553.456003
-19531.393867
-19490.437128
-19438.779398
-19384.723180
-19405.930465
-19440.861769
-19411.364573
-19485.357479
-19430.553984
-19382.544434
-19240.817565
-19256.791415
-19252.341800
-19266.108336
-19229.978902
-19167.903095
-19086.598645
-19084.165320
-19041.478565
-19083.903756
-19093.092593
-19045.834976
-19009.375760
-19031.556279
-19039.730204
-19160.137995
-19039.580368
-19062.982781
-19015.921086
-19015.708336
-18984.334791
-19009.488263
-19039.765477
-18984.579699
-19024.644645
-19009.869086
-18989.128618
-19012.179456
-18890.714100
-18965.493190
-18927.807608
-19034.916619
-19001.311293
-18882.920429
-18964.535320
-18948.223239
-19021.440328
