-148667.743514
-117328.462073
-84974.489027
-59876.882138
-47335.155533
-43084.202497
-39908.939846
-38260.973637
-37699.277235
-37434.218537
-37146.164142
-36719.104420
-36546.765535
-36493.236998
-36145.301939
-35801.066859
-35656.754146
-35153.366950
-34206.358024
-31991.986215
-27940.905229
-25182.068966
-25038.950104
-25063.892921
-24999.869686
-25023.614072
-24980.529305
-24849.417721
-25018.446454
-24943.026639
-24944.436807
-24914.505749
-24875.089861
-24917.214412
-24907.744088
-24878.225348
-24902.369106
-24848.805236
-24832.284100
-24821.214728
-24902.812992
-24943.757656
-24872.502117
-24823.349429
-24825.831518
-24830.411206
-24827.704735
-24831.518743
-24866.476575
-24851.113562
-24831.930193
-24758.435798
-24822.727890
-24783.150494
-24750.362412
-24826.879659
-24770.481743
-24706.006050
-24871.075113
-24767.881743
-24769.698071
-24760.509583
-24710.717729
-24722.709473
-24756.200091
-24682.961804
-24732.410787
-24665.028723
-24756.526119
-24745.083241
-24771.703901
-24795.655788
-24754.452192
-24728.913487
-24593.016062
-24627.739293
-24613.851240
-24451.065299
-23886.176872
-23337.191547
-22731.682411
-22444.111571
-22189.865504
-22068.721859
-21893.554958
-21928.375467
-21946.071297
-21967.592733
-22018.945239
-22013.161103
-21995.924501
-21943.651962
-21952.200728
-21978.160116
-21969.289859
-21821.306730
-21838.382595
-21940.007758
-21970.786877
-22015.026784
