-7458.616183
-5785.073328
-4578.569853
-3983.275840
-3779.940229
-3709.154655
-3661.739366
-3562.650980
-3488.138644
-3422.114872
-3356.487989
-3313.473527
-3081.267419
-2765.897151
-2583.230770
-2502.812605
-2484.687573
-2446.816558
-2471.959066
-2457.218920
-2452.409718
-2445.826391
-2456.352648
-2457.728368
-2444.681739
-2437.337750
-2450.001547
-2444.630831
-2423.634220
-2448.696192
-2439.537625
-2451.919337
-2453.123100
-2449.377165
-2426.050503
-2440.402364
-2466.392493
-2429.365108
-2425.454583
-2422.859540
-2418.356456
-2424.202051
-2432.686113
-2422.477417
-2426.053769
-2462.898403
-2429.378402
-2452.947874
-2438.757109
-2434.941439
-2445.195711
-2461.820074
-2435.650243
-2431.285541
-2441.532606
-2430.219460
-2432.017319
-2421.798815
-2433.344335
-2422.708263
-2423.222672
-2431.482971
-2435.674202
-2412.148311
-2423.981202
-2419.755541
-2423.979499
-2411.760701
-2452.465237
-2423.133824
-2429.117460
-2418.870270
-2416.878050
-2421.242375
-2427.062791
-2432.442664
-2433.551527
-2417.310116
-2420.057136
-2435.090648
-2431.878106
-2426.290977
-2429.683633
-2436.343444
-2426.894337
-2431.120805
-2418.646214
-2433.479611
-2418.061086
-2423.675020
-2424.509235
-2420.005640
-2415.276146
-2429.609664
-2419.259568
-2429.691181
-2431.896172
-2422.551847
-2413.459037
-2433.801750
-2420.212957
-2427.019763
-2424.161792
-2410.114486
-2425.566040
-2417.128517
-2438.690037
-2428.782043
-2410.765842
-2415.212088
-2417.785895
-2420.897021
-2415.554220
-2417.979658
-2410.515702
-2408.254479
-2409.429088
-2425.289783
-2409.536878
-2407.825508
-2411.420341
-2425.465841
-2434.132510
-2438.439598
-2403.152304
-2418.010254
-2424.450886
-2438.024026
-2424.391015
-2405.442094
-2420.569901
-2440.182504
-2418.142670
-2402.301937
-2404.557934
-2423.107049
-2413.760610
-2394.027221
-2416.604837
-2414.650237
-2427.033405
-2423.002654
-2435.022041
-2419.326679
-2406.477803
-2428.744515
-2420.118663
-2405.985055
-2411.545616
-2404.586360
-2407.816611
-2403.667386
-2405.357410
-2395.634343
-2415.189266
-2432.109899
-2414.297822
-2418.290064
-2420.887856
-2407.100980
-2428.545935
-2431.338523
-2421.203750
-2418.430881
-2422.358981
-2442.714711
-2432.568899
-2422.691899
-2421.341717
-2426.882101
-2428.564391
-2427.291134
-2425.087231
-2410.266943
-2426.687824
-2423.770167
-2423.059757
-2422.303711
-2405.965276
-2411.542402
-2412.842295
-2416.522498
-2418.536648
-2437.572351
-2428.842892
-2443.019753
-2436.726820
-2428.636458
-2421.336462
-2408.779601
-2426.347018
-2409.411235
-2436.068845
-2436.606066
-2415.042596
-2410.230794
-2427.169616
-2421.009867
-2410.781751
-2407.262584
