-6116.264932
-5364.669176
-4547.911794
-3803.997532
-3292.409303
-3041.279714
-2919.264930
-2847.836630
-2643.013385
-2497.398991
-2411.415896
-2338.854066
-2339.318862
-2324.602426
-2338.519528
-2333.094328
-2312.287787
-2243.550743
-2189.327931
-2212.208468
-2201.123417
-2192.796099
-2203.950602
-2207.596885
-2208.859639
-2256.310389
-2262.837007
-2233.411876
-2257.102219
-2270.240928
-2228.965117
-2195.636119
-2193.871493
-2252.379951
-2255.215878
-2246.471767
-2252.309871
-2247.601399
-2222.978629
-2209.944784
-2171.204743
-2178.908456
-2164.587303
-2161.821106
-2160.718144
-2193.257164
-2190.493124
-2196.619260
-2188.045308
-2167.490516
-2178.236517
-2136.733731
-2148.510183
-2153.885944
-2163.337298
-2181.290112
-2174.109027
-2188.051077
-2189.604942
-2216.224249
-2191.344518
-2173.862686
-2177.954250
-2188.249316
-2203.937353
-2180.045502
-2164.784228
-2161.703932
-2203.816579
-2151.822111
-2222.402399
-2198.691298
-2203.965792
-2231.820567
-2214.394777
-2205.603381
-2200.421875
-2169.246303
-2168.783751
-2180.736039
-2189.013572
-2211.871483
-2193.951239
-2202.377625
-2234.181913
-2210.643829
-2219.098827
-2221.276300
-2235.496934
-2240.122966
-2250.442677
-2246.623119
-2193.799573
-2202.062974
-2221.668735
-2268.240179
-2256.057315
-2241.097500
-2285.942099
-2253.892248
-2248.908131
-2237.171198
-2216.245330
-2179.727002
-2148.749406
-2172.456766
-2196.738742
-2217.360421
-2216.083651
-2208.408782
-2213.738999
-2250.412228
-2232.217002
-2238.164301
-2254.898535
-2193.454061
-2199.125022
-2220.472317
-2278.297317
-2235.789644
-2235.067352
-2247.159609
-2230.510952
-2236.134209
-2237.424242
-2211.768904
-2189.902813
-2213.796626
-2261.232023
-2243.557419
-2273.838745
-2267.553692
-2240.295598
-2193.318755
-2189.132182
-2201.003226
-2196.349830
-2218.053320
-2193.665111
-2191.944308
-2160.429899
-2174.791693
-2177.450200
-2153.932452
-2170.655555
-2170.328400
-2160.772503
-2192.922018
-2232.490864
-2161.532789
-2159.516951
-2187.276686
-2197.695624
-2178.584294
-2179.716438
-2181.377536
-2222.381287
-2209.776260
-2189.094939
-2175.288922
-2186.676256
-2195.818275
-2166.903108
-2182.282455
-2184.387955
-2176.249363
-2192.709996
-2202.138287
-2209.625727
-2200.358976
-2177.740094
-2181.732217
-2186.464727
-2225.448760
-2267.316643
-2240.764071
-2218.177994
-2175.281641
-2191.119637
-2259.013918
-2214.300037
-2228.829170
-2220.460859
-2202.341078
-2250.814691
-2191.119209
-2191.196653
-2208.625513
-2174.028826
-2186.669635
-2207.547997
-2199.396551
-2172.520139
-2162.734000
-2175.445792
-2205.614511
-2205.343954
-2215.537825
-2217.590662
-2219.332301
