-5999.268546
-4942.965149
-3675.370583
-2871.400694
-2632.988391
-2538.392329
-2423.637016
-2358.274312
-2354.731305
-2364.006534
-2312.382002
-2305.945660
-2304.022774
-2286.246120
-2305.406689
-2293.133465
-2320.791609
-2325.127371
-2337.287022
-2310.292755
-2326.990768
-2290.463726
-2276.892253
-2279.456584
-2263.970002
-2262.282286
-2279.994015
-2298.832238
-2306.752576
-2298.857494
-2297.263968
-2291.356772
-2286.616794
-2275.788589
-2281.548677
-2301.290573
-2297.286506
-2282.108374
-2294.817042
-2286.004025
-2255.403894
-2256.908619
-2262.061966
-2282.002437
-2311.262830
-2306.413994
-2297.299804
-2325.710925
-2313.432298
-2273.550793
-2275.370521
-2296.441733
-2270.588953
-2289.059897
-2282.615831
-2263.957366
-2257.928176
-2243.490152
-2245.782707
-2274.900554
-2271.835676
-2271.273394
-2273.516182
-2265.835659
-2281.989624
-2284.398731
-2295.288606
-2301.963730
-2300.901715
-2265.983463
-2289.779708
-2284.440920
-2289.670227
-2262.878317
-2248.230312
-2245.072659
-2249.147144
-2245.451379
-2240.295874
-2257.423253
-2258.758614
-2271.488282
-2278.325717
-2247.331040
-2248.047813
-2248.978417
-2273.955753
-2277.844159
-2258.780182
-2260.764801
-2260.532442
-2286.874898
-2258.975708
-2265.424099
-2268.848014
-2261.824082
-2275.019762
-2276.342116
-2289.310373
-2293.574944
