-5281.115671
-4552.294402
-3601.779585
-2955.800671
-2696.554660
-2622.166959
-2506.656581
-2409.704536
-2316.036364
-2283.357085
-2293.439463
-2326.703322
-2318.957034
-2341.629705
-2315.471674
-2355.837802
-2354.920484
-2356.599603
-2329.882850
-2307.554968
-2298.287988
-2304.511809
-2283.010285
-2241.603916
-2312.981873
-2294.451761
-2249.782575
-2281.113565
-2298.031722
-2321.111143
-2298.073783
-2317.484440
-2269.745333
-2243.813912
-2288.082057
-2289.271914
-2314.052214
-2292.820191
-2263.650898
-2265.311466
-2255.150215
-2256.571747
-2243.901323
-2262.403785
-2254.264538
-2281.720932
-2245.332467
-2281.612344
-2257.376906
-2287.955191
-2248.557828
-2237.534191
-2266.099224
-2260.647044
-2255.761832
-2256.788929
-2262.438571
-2231.813144
-2272.133936
-2269.842789
-2272.172456
-2249.938560
-2269.486264
-2255.157158
-2271.602584
-2266.785328
-2232.682862
-2260.706260
-2230.454624
-2252.368445
-2232.917584
-2246.638685
-2246.133707
-2255.887941
-2249.682864
-2220.434932
-2224.352553
-2215.886408
-2232.307995
-2209.433797
-2221.418548
-2259.236642
-2232.364638
-2258.344761
-2266.469284
-2285.258485
-2257.180036
-2230.527281
-2239.034894
-2234.177720
-2248.524352
-2238.381277
-2256.284843
-2269.606509
-2275.709300
-2306.661266
-2300.796135
-2310.551479
-2271.528660
-2248.163343
