-28332.610390
-21467.465523
-14507.180727
-10243.730483
-8512.766484
-7537.290186
-6935.243701
-6617.502783
-6299.350450
-5937.297198
-5594.885174
-5415.108670
-5239.014372
-5204.208558
-5158.311277
-5134.892702
-5163.439511
-5163.111453
-5128.644476
-5094.327576
-5132.962842
-5088.811324
-5076.392482
-5082.231777
-5062.655943
-5054.613600
-5050.122275
-5044.288871
-5005.727047
-4996.072986
-4963.041319
-5052.361690
-5009.519740
-5022.029552
-4964.880973
-4955.764925
-4966.369637
-4974.258580
-5002.210381
-4988.395126
-4973.802928
-4982.011214
-4982.374728
-4987.273885
-4996.816806
-4990.832610
-4963.423892
-4961.573024
-4957.334961
-4947.023485
-4987.226601
-4959.498507
-4977.318104
-4969.014995
-4932.542396
-4933.320811
-4927.534707
-4957.888643
-4974.400776
-4969.478934
-4982.850420
-4991.392478
-4991.433149
-4956.636436
-4983.139283
-4994.693332
-5002.464137
-4968.400061
-5008.598346
-5003.744349
-5008.512777
-5002.108672
-5014.883028
-4999.281473
-5016.179752
-5005.628845
-5026.825598
-4994.626200
-5007.106748
-5009.691826
-5040.927630
-5090.418435
-5019.780544
-5038.122308
-5003.678282
-4970.746826
-4980.562356
-5028.933838
-5056.493695
-5016.000964
-4986.774587
-4989.900058
-5002.898671
-4992.119507
-4984.281031
-4996.501322
-5008.965258
-5049.519870
-4998.629824
-5018.964861
