-27777.361089
-18277.861454
-12077.084518
-9325.690105
-8084.690655
-7114.699737
-6506.408534
-6204.867934
-5875.588353
-5643.231693
-5519.112035
-5355.865975
-5171.389591
-5152.320370
-5133.418429
-4972.330457
-4845.021143
-4747.316674
-4711.256338
-4719.195787
-4714.563635
-4720.271007
-4711.395431
-4707.434891
-4715.734426
-4709.711155
-4718.201557
-4721.164963
-4710.640503
-4715.618919
-4722.300706
-4698.971054
-4704.955912
-4698.905852
-4690.095229
-4688.321515
-4696.078718
-4698.957734
-4693.468233
-4697.903304
-4710.988092
-4701.144044
-4687.288771
-4704.951193
-4703.469002
-4700.129084
-4696.187961
-4707.510862
-4693.892900
-4696.018360
-4694.571965
-4701.423378
-4687.538941
-4694.326993
-4695.699992
-4696.040279
-4693.979610
-4690.544024
-4709.566345
-4707.268698
-4686.761849
-4683.678202
-4705.549156
-4706.431164
-4717.267256
-4699.834127
-4684.648041
-4688.359041
-4697.398981
-4683.315184
-4696.121337
-4684.382047
-4706.010391
-4698.323664
-4705.095037
-4688.313174
-4683.217144
-4700.331841
-4705.427957
-4684.356691
-4684.961228
-4690.231143
-4702.773083
-4679.402399
-4693.920086
-4699.230516
-4678.330927
-4695.723231
-4695.995988
-4687.046888
-4678.480353
-4684.460495
-4681.592725
-4688.695814
-4703.840818
-4693.009831
-4695.119470
-4680.775295
-4684.282689
-4678.800134
