-36560.837451
-28906.099468
-20341.011715
-14308.488591
-11216.824810
-9770.627122
-8888.516956
-8123.427172
-7370.076547
-7011.022742
-6700.866318
-6462.869938
-6217.196656
-5977.166534
-5855.999920
-5770.202574
-5572.864556
-5525.623293
-5500.502710
-5430.655966
-5448.263080
-5345.202891
-5335.695606
-5288.403389
-5219.799366
-5211.838814
-5169.671669
-5159.522087
-5103.772409
-5091.035520
-5080.820355
-5129.926344
-5066.816821
-4958.766844
-4872.268487
-4878.450886
-4882.470941
-4860.391502
-4873.473950
-4857.926875
-4853.822696
-4870.429884
-4850.845458
-4861.687209
-4842.016748
-4846.027394
-4854.738978
-4887.971987
-4905.330554
-4889.506563
-4880.029335
-4864.571372
-4873.313789
-4892.794127
-4866.116847
-4838.841884
-4832.558675
-4862.356042
-4843.096693
-4884.937960
-4882.926279
-4886.553024
-4851.802590
-4902.150417
-4918.079539
-4859.558394
-4865.176059
-4896.665579
-4892.213826
-4892.783779
-4893.173677
-4849.819792
-4913.167366
-4886.810624
-4880.602526
-4849.742901
-4871.512086
-4883.615643
-4855.834305
-4852.600872
-4852.757439
-4833.541002
-4822.804158
-4845.886010
-4845.852443
-4825.930412
-4858.895579
-4836.983964
-4843.446718
-4822.775776
-4836.943366
-4813.610601
-4819.989060
-4833.939129
-4857.104969
-4824.965438
-4832.687497
-4849.832455
-4883.872190
-4884.770242
