-40764.308702
-32455.864259
-19876.915260
-11125.031756
-9167.824013
-8226.859347
-7756.201146
-7537.138230
-7423.087525
-7161.394981
-7073.369131
-7019.989194
-6995.954561
-7017.873338
-7050.446120
-7013.190338
-6980.925789
-7032.929157
-6993.143496
-6954.503780
-6979.841754
-7004.820410
-7031.609955
-6980.308302
-7011.506071
-7004.681449
-7038.994787
-6969.701959
-6917.639426
-6919.041609
-6972.078717
-6966.314621
-6945.744856
-6980.438248
-6900.117735
-6952.404281
-6940.360265
-7007.645084
-6948.656713
-6894.692188
-6867.786625
-6868.701381
-6913.915388
-6962.288709
-7070.874225
-7035.003781
-7006.263379
-7017.198506
-7073.803650
-7007.216953
-6946.444243
-6865.981974
-6898.218011
-6838.189176
-6941.596483
-6926.605145
-6836.749406
-6893.665540
-6902.386341
-6930.135096
-6911.424754
-6880.270159
-6880.925543
-6827.925584
-6832.193084
-6818.619153
-6864.872504
-6866.696573
-6849.061456
-6847.802475
-6867.126771
-6897.519291
-6925.300441
-6845.050126
-6932.104492
-6963.264070
-6885.617620
-6975.521946
-6967.826655
-6954.071978
-6884.863620
-6895.604836
-6853.306740
-6883.903322
-6864.532108
-6883.499554
-6826.057008
-6880.621084
-6889.584447
-6781.660961
-6826.306888
-6819.095018
-6848.239612
-6793.241711
-6881.128316
-6842.645240
-6842.181131
-6873.119130
-6829.018453
-6772.931082
