-9803.566112
-8399.216458
-6979.943853
-5959.715722
-5511.525766
-5202.790598
-4990.374781
-4829.952699
-4778.415181
-4684.067850
-4562.201522
-4322.229375
-4089.247077
-3875.167587
-3681.668912
-3488.409316
-3360.771321
-3339.632814
-3241.254216
-3225.500333
-3203.721966
-3136.374378
-3148.564346
-3117.956392
-3115.044017
-3106.758200
-3083.568001
-3114.733678
-3100.080706
-3083.525971
-3143.026982
-3123.502353
-3157.241843
-3102.652611
-3119.856142
-3091.846708
-3103.959364
-3102.770372
-3107.285353
-3123.315204
-3132.011804
-3077.933579
-3113.105283
-3090.558795
-3097.630233
-3095.991125
-3087.015115
-3083.463651
-3082.726138
-3077.985307
-3056.927139
-3075.427113
-3035.764962
-3059.477705
-3051.393873
-3056.428979
-3083.253916
-3083.307364
-3074.686309
-3056.418299
-3096.429457
-3096.500403
-3138.208571
-3094.876144
-3119.012440
-3102.789771
-3099.871865
-3048.935172
-3090.050980
-3072.278589
-3105.899777
-3061.560039
-3081.624593
-3093.504035
-3077.991943
-3058.327431
-3048.130375
-3077.916066
-3078.204302
-3049.248335
-3060.161721
-3040.880988
-3068.784244
-3080.986171
-3091.115780
-3066.508207
-3047.108106
-3069.413324
-3069.503910
-3051.536494
-3079.705386
-3087.210807
-3086.693419
-3084.043502
-3105.580477
-3083.515213
-3081.436530
-3086.042163
-3105.131715
-3101.405707
-3090.132765
-3086.406662
-3085.048053
-3065.637738
-3064.143616
-3101.292900
-3099.695618
-3097.599019
-3086.157328
-3073.805329
-3074.043869
-3107.327387
-3097.215284
-3097.709442
-3114.304194
-3068.959491
-3069.503413
-3093.533361
-3106.403412
-3125.775510
-3073.386476
-3066.372912
-3043.190103
-3068.793885
-3071.422774
-3056.494883
-3093.901585
-3070.377739
-3091.900440
-3059.030192
-3078.920603
-3058.424092
-3068.125509
-3052.412328
-3082.398909
-3081.432011
-3071.500907
-3069.200996
-3065.021837
-3104.382598
-3061.796945
-3083.277886
-3074.094859
-3124.947588
-3106.017750
-3099.417069
-3092.071564
-3077.927893
-3081.616274
-3114.775510
-3080.956058
-3050.858740
-3048.133525
-3064.841321
-3071.557791
-3085.513012
-3096.532637
-3093.687824
-3118.108672
-3104.208760
-3121.541189
-3084.620677
-3074.941345
-3120.539873
-3111.069723
-3071.786069
-3080.998086
-3084.672279
-3066.066971
-3058.974693
-3074.311364
-3073.652008
-3062.833837
-3051.070011
-3037.268963
-3050.694556
-3074.984772
-3096.090461
-3067.271135
-3064.672708
-3072.991021
-3102.819653
-3090.670706
-3059.162268
-3051.991648
-3089.523995
-3077.025806
-3117.083611
-3100.221878
-3088.459448
-3064.454710
-3090.059493
-3059.521261
-3090.719849
-3070.343383
-3080.502546
-3087.709979
-3093.173307
-3104.302391
-3108.250594
