-12257.949682
-9194.294341
-6782.552359
-5259.302653
-4126.145058
-3710.360215
-3565.784280
-3515.615040
-3465.458430
-3409.847040
-3354.127073
-3352.240366
-3282.407165
-3314.894786
-3313.944664
-3270.179952
-3291.968282
-3305.200367
-3252.797075
-3200.763975
-3178.964366
-3137.169317
-3176.736541
-3169.678089
-3123.295207
-3141.919919
-3137.218335
-3224.247824
-3135.086738
-3141.594478
-3142.591464
-3161.335995
-3147.255288
-3160.622990
-3166.439328
-3120.095831
-3130.642072
-3155.217263
-3113.666656
-3128.139190
-3161.014820
-3131.868881
-3135.883241
-3153.916904
-3154.084900
-3187.769944
-3148.907287
-3084.177937
-3125.367210
-3152.852996
-3132.607209
-3129.555713
-3081.811433
-3175.298647
-3114.817362
-3124.159486
-3168.355956
-3204.742584
-3127.793636
-3076.383294
-3116.677542
-3078.249327
-3161.674383
-3120.871546
-3150.201636
-3136.811887
-3148.567782
-3153.451856
-3170.624372
-3154.989523
-3141.131885
-3122.805860
-3114.462096
-3154.257837
-3137.634202
-3089.150030
-3103.792640
-3085.228004
-3114.563720
-3139.176594
-3149.394813
-3099.306851
-3141.496396
-3138.722471
-3147.602934
-3129.800724
-3088.912559
-3119.067496
-3125.649408
-3136.619740
-3194.478474
-3139.251853
-3130.547210
-3112.225395
-3113.465663
-3118.380146
-3130.571168
-3101.380608
-3124.396322
-3127.426049
-3115.671713
-3076.322397
-3055.277852
-3091.015185
-3120.982043
-3089.712366
-3084.000765
-3076.134723
-3082.968338
-3124.115972
-3135.351306
-3089.401307
-3082.476845
-3083.483145
-3097.241124
-3072.898233
-3099.852879
-3107.071632
-3151.977093
-3144.440766
-3084.896890
-3066.894171
-3098.193772
-3092.903044
-3105.054178
-3126.730286
-3097.152605
-3089.427506
-3109.731835
-3116.489769
-3141.577729
-3083.684933
-3119.180222
-3153.494962
-3116.176378
-3136.757536
-3138.051302
-3150.622808
-3131.175134
-3149.462894
-3154.603970
-3079.236221
-3111.973574
-3110.926489
-3090.513291
-3121.577730
-3117.831208
-3110.911874
-3095.679911
-3083.819421
-3109.850346
-3139.678108
-3098.274284
-3085.383358
-3114.335595
-3128.177238
-3104.686947
-3121.392335
-3086.252365
-3085.016512
-3125.386218
-3101.643798
-3086.043609
-3063.998185
-3087.708404
-3140.389566
-3158.244975
-3130.435424
-3185.610696
-3143.984819
-3140.515596
-3137.505027
-3125.642522
-3095.991193
-3114.433571
-3090.839755
-3072.879022
-3121.231635
-3132.760477
-3123.898001
-3116.057841
-3166.400699
-3178.218288
-3136.310885
-3095.338508
-3098.039157
-3105.345812
-3082.852536
-3091.072097
-3074.993952
-3126.312941
-3088.423149
-3128.134589
-3142.312908
-3091.716377
-3119.993291
-3087.000998
-3145.824329
-3118.985238
-3075.656594
