-40184.687282
-29049.181227
-18981.493186
-14241.357849
-12294.494642
-11398.117388
-10836.695146
-10470.779018
-10256.786405
-10005.224166
-9763.177283
-9610.561058
-9591.645805
-9517.630705
-9549.052467
-9462.043047
-9406.688331
-9245.629302
-9273.712568
-9264.504723
-9221.297418
-9208.162414
-9059.781015
-9048.389581
-9089.200981
-9099.571967
-8972.463586
-8905.370464
-8981.568622
-8832.436546
-8814.858366
-8794.134846
-8699.220577
-8748.396473
-8694.603171
-8711.705169
-8811.816288
-8612.167886
-8695.375227
-8731.787086
-8700.746891
-8708.491181
-8747.831662
-8615.400798
-8655.809159
-8653.413457
-8648.937016
-8747.196169
-8699.499608
-8738.538390
-8638.572466
-8779.944932
-8767.472061
-8684.102491
-8735.959126
-8720.503993
-8690.480141
-8782.158139
-8817.213218
-8831.379211
-8805.984181
-8864.456755
-8827.684299
-8738.723063
-8814.990311
-8809.304392
-8774.929465
-8830.317026
-8793.931208
-8736.055803
-8824.038809
-8900.337630
-8938.259225
-8910.274192
-8806.869489
-8912.622301
-8845.374909
-8829.096904
-8847.229226
-8921.293733
-8874.703058
-8922.153639
-8987.127693
-8923.317476
-8948.335620
-8995.142712
-8978.117728
-8996.026592
-9043.831330
-9002.574720
-9025.405457
-9060.994831
-9037.795050
-9007.240658
-9091.641919
-9036.166448
-8915.081048
-9077.384576
-9059.801890
-9069.094685
