-46220.696511
-35456.335340
-24700.840429
-18433.185572
-15858.634575
-14533.134249
-13814.287329
-13051.322402
-12386.678490
-11755.218989
-11168.639519
-10777.348836
-10515.049551
-10522.760518
-10506.957051
-10402.409611
-10367.022848
-10374.147190
-10276.239692
-10315.432819
-10305.486484
-10177.912529
-10172.700104
-10106.531152
-9960.826122
-9966.965615
-9960.303470
-9839.750747
-9782.090013
-9430.733068
-9185.400319
-9128.929546
-9291.872302
-9197.404992
-9276.811560
-9290.504821
-9215.683355
-9104.244904
-9143.794587
-9102.501842
-9131.613991
-8999.024722
-8964.672350
-8959.769283
-9106.773513
-9040.708244
-9017.382594
-9011.497730
-9013.488152
-9052.212363
-9060.108219
-9032.843516
-9103.359164
-9113.551193
-9101.380202
-9083.503058
-9144.366650
-9063.301279
-8954.250043
-8967.821320
-9057.778565
-8983.708026
-8991.603517
-8912.696240
-9062.709582
-9072.499225
-9071.078528
-9048.908983
-9050.855751
-9136.710267
-9252.221182
-9217.252151
-9202.121025
-9216.614850
-9160.312319
-9198.590860
-9162.215579
-9053.705516
-9124.117235
-9102.305204
-9131.309216
-9225.870233
-9248.207175
-9273.966588
-9224.948857
-9276.258039
-9254.824071
-9237.056989
-9166.681252
-9139.049338
-9179.538709
-9137.536730
-9253.752832
-9132.564413
-9181.217259
-9176.901794
-9135.100618
-9156.914663
-9125.766206
-9140.604338
