-53817.427168
-50066.363374
-47993.501627
-46522.309238
-44789.194510
-43430.255383
-42617.824954
-41570.703695
-40819.804771
-39880.783949
-39159.751183
-38296.375889
-37585.828908
-37165.075392
-36409.638226
-36051.757799
-35520.826185
-35348.614155
-34981.133699
-34802.799918
-34473.428532
-34031.685237
-33636.429078
-33696.228162
-33914.901110
-33944.683598
-33933.772145
-33985.270744
-33517.508597
-33522.282307
-33431.510345
-33520.763269
-33359.414745
-33235.513622
-33217.748970
-33049.560470
-32931.687202
-32923.171515
-32830.042156
-32883.394980
-32474.000357
-32429.888396
-32350.370083
-32429.681050
-32555.285735
-32337.586402
-32312.831230
-32476.220977
-32112.970304
-32112.008273
-31767.133660
-31908.912894
-31982.654598
-31933.109256
-32030.825322
-32037.054508
-32014.199991
-31867.087494
-31912.766441
-31993.738121
-31864.487881
-31649.462472
-31925.163494
-31885.628172
-31965.816389
-32126.349394
-31964.700288
-32153.934746
-32317.929164
-32197.012072
-32133.066811
-31937.626927
-31913.577831
-31891.184681
-31909.118932
-31815.985804
-31658.563212
-31691.918078
-31688.807648
-31378.454167
-31401.007522
-31298.984108
-31222.767577
-30995.257423
-31296.090147
-31210.608193
-31324.810299
-31347.378958
-31338.787630
-31353.600338
-31068.605776
-31436.644716
-31177.129044
-31285.883080
-31422.092657
-31488.919937
-31330.805469
-31106.470320
-31163.265817
-31297.573718
-31287.905005
-31078.284253
-31072.584952
-30999.857875
-31273.774790
-31254.217943
-31317.812523
-31510.522953
-31805.366808
-32260.695166
-31862.915947
-31692.594766
-31726.013953
-31696.216264
-31682.583128
-31890.863989
-31996.807102
-31855.844418
-31703.453696
-31505.559342
-31695.669643
-31825.798207
-31787.020093
-31992.494510
-31840.524704
-31858.347684
-32172.680158
-32077.159508
-31988.974183
-31943.511201
-32185.251259
-32179.484915
-32085.525772
-32221.991575
-32148.293973
-32131.247059
-32209.431321
-32160.709039
-32260.557592
-32490.987589
-32555.427744
-32347.970118
-32367.834370
-32116.163580
-32198.856603
-32345.098917
-32251.112776
-32202.748894
-32351.327535
-32280.147425
-32584.824453
-32470.740593
-32331.427239
-32308.623699
-32066.317600
-32289.607212
-32580.754470
-32405.711943
-32288.642335
-32302.395713
-32314.212273
-32082.032896
-32255.340765
-32463.239273
-32446.275192
-32256.381016
-32129.947497
-32113.674091
-31941.732457
-31899.906716
-31976.722409
-32038.624626
-31985.698408
-31920.519355
-32089.817864
-32054.949150
-31768.137838
-31933.206284
-31720.308370
-31495.609764
-31414.390113
-31344.959132
-31477.316013
-31640.373137
-31580.963917
-31755.650634
-31666.831595
-31689.434799
-31493.101321
-32064.762713
-32332.415782
-32229.404149
-32071.648318
-32177.827065
-32145.885977
-32024.105616
-31959.621351
-31797.070974
-31912.408209
-31973.351151
-32066.467568
-32130.954965
-32311.757912
-31924.604840
-32255.038267
-31939.829813
-31897.508857
-31897.888629
-31841.727264
-31768.237393
-31883.017214
-32157.464407
-31879.507042
-32032.172427
-31962.355565
-32053.896365
-32085.304826
-32230.131718
-31978.971929
-32013.031877
-32236.033304
-32178.668115
-32153.583504
-32139.768493
-31986.924032
-32012.359427
-32158.374273
-32039.423982
-32027.289758
-31964.552276
-31999.658046
-32120.619260
-32208.243445
-32129.456366
-32328.036686
-32260.375773
-32360.374519
-32173.707089
-32204.340252
-32449.189152
-32433.943028
-32331.296385
-32302.506214
-32386.382721
-32233.204569
-32191.936255
-32178.665365
-32183.007559
-32396.906633
-32225.026180
-32385.069192
-31993.375024
-31931.919686
-31696.609322
-31912.177364
-32201.954306
-32117.601062
-31730.802499
-31748.240128
-31763.150895
-31790.118966
-31671.227748
-31557.767424
-31759.532490
-31856.652793
-31941.579292
-31836.634451
-32025.367265
-32051.069609
-32160.529156
-32084.603280
-32221.593104
-32291.615799
-32227.758796
-32196.361845
-32112.062154
-32152.493346
-32034.226176
-31906.662937
-31651.129911
-31694.916118
-31728.604186
-31649.671534
-31563.538959
-31485.865924
-31740.060716
-31587.097286
-31832.395935
-32139.233726
-32013.368587
-31791.841003
-31783.133895
-31785.133965
-31772.785449
-31895.669754
-31717.206985
-31659.247281
-31697.919816
-32023.445531
-32122.083710
-32272.900489
-32210.141838
-32123.649428
-32284.966715
-32262.262373
-32257.006975
-32381.484917
-32355.613218
-32271.770632
-32235.160481
-32007.500083
-32021.014486
-32238.754292
-32010.030903
-32155.069866
-32272.584242
-32498.929058
-32355.726054
-32289.245685
-32236.773954
-32378.128328
-32374.186144
-32362.174878
-32074.914280
-32100.392588
-32071.557555
-32124.412582
-32029.937283
-32128.642340
-32049.229295
-31905.585283
-31967.332884
-31952.070604
-32323.599049
-32330.789868
-32179.651353
-32423.082134
-32331.795522
-32484.735962
-32509.489613
-32478.217557
-32523.164393
-32705.551533
-32743.933914
-32548.825644
-32586.665301
-32545.204291
-32506.902479
-32376.518144
-32449.136596
-32304.047688
-32400.774865
-32227.487591
-32348.848572
-32439.224646
-32463.654714
-32352.888373
-32334.235524
-32301.216486
-32325.626978
-32102.331304
-32111.784067
-32291.128503
-32146.695458
-31837.028060
-32014.327254
-31797.833856
-32060.687113
-31945.363585
-32013.703696
-32093.202354
-32070.395397
-32103.832373
-32237.394751
-32347.555822
-32244.820482
-32097.910669
-32185.976914
-32265.547268
-32463.629213
-32129.886277
-32110.967619
-32261.080439
-32528.627111
-32790.644715
-32850.806906
-32621.912311
-32568.409354
-32306.853358
-32404.749836
-32719.776773
-32763.210076
-32601.141244
-32510.550416
-32945.399687
-33012.615473
-32946.863602
-32938.904674
-32879.471446
-32704.958416
-32708.208752
-32602.298222
-32443.965750
-32461.169011
-32865.050354
-32554.323176
-32636.252511
-32468.899437
-32342.585356
-32247.202724
-32287.481430
-32041.680513
-32428.638403
-32152.293588
-32304.159120
-32283.630216
-32573.123994
-32631.053071
-32522.168148
-32502.819315
-32633.456360
-32630.083638
-32483.310607
-32670.966218
-32629.686524
-32686.016826
-32761.438331
-32809.100753
-32637.839369
-32380.152873
-32592.220497
-32451.007131
-32601.520120
-32659.547815
-32715.122982
-32582.520661
-32837.765284
-32440.458132
-32170.048554
-32341.402332
-32159.840775
-32112.841785
-32291.233984
-32146.279836
-32112.608993
-32028.237344
-32356.714984
-32219.619639
-32134.629322
-32137.850388
-32548.974963
-32389.906930
-32521.653542
-32390.803735
-32319.604392
-32339.877131
-32439.871770
-32392.735257
-32391.568389
-32385.021383
-32427.960208
-32370.254376
-32638.316909
-32665.369120
-32744.622795
-32651.550649
-32750.067089
-32819.557586
-33015.308229
-32924.034196
-32818.683256
-32702.487863
-32654.776189
-32739.486585
-32495.670919
-32405.468859
-32329.622318
-32196.625962
-32254.625726
-32440.482359
-32532.099442
-32577.521604
-32833.704800
-32822.859770
-32705.033348
-32747.235632
-32691.816476
-32738.533222
-32611.774487
-32698.266510
-32509.629827
-32531.436675
-32589.946497
-32641.019590
-32808.457220
-32626.393613
-32566.517108
-32496.235317
-32359.596149
-32622.692919
