-58164.612097
-56778.248022
-56663.594236
-56698.868580
-56274.473760
-55904.417330
-56024.001032
-55723.150935
-55373.061564
-54638.734192
-54601.354916
-54593.646394
-54441.625441
-54326.391710
-53747.079419
-53569.229902
-53292.549480
-52885.196851
-52530.312045
-52230.459156
-51753.353728
-51892.369374
-51519.108904
-51298.927570
-50953.982183
-50784.176127
-50421.232837
-50514.167979
-50381.695270
-50322.635656
-50194.045422
-50536.401767
-50258.910189
-50225.632834
-50357.562918
-50331.977566
-50237.077776
-50022.147074
-49618.371835
-49441.148032
-49413.573129
-48900.209299
-48909.040564
-49115.879136
-48831.466738
-48572.649362
-48143.775252
-48152.924025
-48210.797220
-48038.659690
-47939.969626
-47802.097782
-47480.480237
-47287.899956
-47173.725725
-47079.633821
-46804.787809
-46236.039921
-45869.768415
-45351.557995
-45148.487571
-44665.334910
-44553.303693
-44572.660069
-44167.671931
-44025.537839
-43770.862375
-43514.727007
-43737.656025
-43278.466246
-43065.788450
-43010.706630
-42760.315274
-42515.589537
-42284.108982
-41888.891252
-41777.070149
-41607.072376
-41273.812773
-40697.405017
-40540.112179
-40757.694089
-40648.696663
-40539.696307
-40508.518505
-40515.841475
-40494.210813
-40502.618445
-40536.298698
-40395.539461
-40445.200724
-39882.732794
-39897.093399
-39793.787297
-39585.961611
-39533.233590
-39526.505803
-39511.139864
-39282.954136
-39475.295686
-39267.786611
-39079.381210
-39428.872350
-39338.382888
-39486.244628
-40051.684099
-40423.170947
-39943.323074
-39634.158617
-39554.005895
-39293.980501
-39120.274526
-39454.586438
-39573.602234
-39670.106232
-39719.576024
-39615.270609
-39751.508239
-39834.933645
-39815.992940
-39682.677141
-39396.349996
-39543.356339
-39304.064247
-39207.454378
-39186.746124
-39151.171466
-38997.326279
-38944.996687
-38905.253695
-38700.715338
-38840.340768
-38881.149817
-39143.423660
-39083.472266
-39006.285576
-38289.248139
-38601.294168
-39048.455374
-39231.571080
-39161.318885
-39219.731575
-38996.651824
-38583.170675
-38497.715093
-38721.226174
-38955.206974
-39100.079051
-39293.143541
-39381.773832
-39524.827722
-39247.193812
-38965.930405
-39058.346168
-39228.529694
-39301.874957
-39511.718958
-39671.076046
-39625.718972
-39769.024500
-39698.952828
-39734.473549
-39595.860351
-39621.589114
-39461.131418
-39098.130547
-39010.645877
-38577.706903
-38590.353073
-38725.595348
-39113.069600
-39149.250278
-38995.669086
-38993.831146
-39184.902934
-39527.963960
-39507.902843
-39457.824558
-39383.022141
-39397.408550
-39362.127848
-39136.825516
-39003.034790
-39027.329909
-39038.917561
-39028.610614
-38806.975563
-38762.841058
-38995.821867
-38959.487141
-39001.521212
-39048.245577
-38982.188245
-38773.874599
-38660.450264
-38828.372222
-39043.966092
-38913.770194
-39058.772823
-39181.875169
-38680.507482
-38416.847285
-38220.405240
-38490.060578
-38602.305408
-38564.054267
-38471.056234
-38206.007320
-38065.569722
-38103.138640
-38094.635891
-37913.500031
-38122.617133
-38196.020792
-38358.925789
-38345.578686
-38328.327971
-38276.717357
-38104.005135
-37991.330990
-38071.537256
-38309.201556
-38385.206945
-38317.380918
-38447.646237
-38472.676408
-38314.805269
-38340.961725
-38229.935497
-38325.188143
-38287.455806
-38537.851882
-38260.134812
-38187.243181
-38351.289231
-38385.247321
-38219.849718
-38096.997293
-38121.331046
-38093.603521
-38202.613344
-38455.897077
-38587.965558
-38344.076655
-38671.991975
-38599.803408
-38366.855478
-38343.795780
-38493.000452
-38530.400242
-38744.361197
-38518.151873
-38683.425590
-38745.856079
-38976.657596
-38757.196318
-38665.069753
-38532.704405
-38512.605958
-38379.362910
-38394.161616
-38020.822003
-37964.949344
-38294.884347
-38108.574742
-38233.822844
-38513.252648
-38562.692847
-38456.659548
-38373.957527
-38422.631950
-38279.498021
-38250.112236
-38417.518778
-38515.675181
-38575.061613
-38780.512741
-38501.582634
-38457.619369
-38209.125812
-38089.294073
-37891.961876
-37861.315033
-38024.519826
-38117.783045
-38182.811039
-38282.527501
-37807.720278
-37651.189314
-37725.159148
-37987.691694
-38239.010531
-38158.097820
-37954.734256
-38186.073256
-38374.378244
-38634.471841
-38603.205532
-38660.799596
-38939.865450
-39273.072075
-38752.558875
-38647.111567
-38579.498022
-38833.617873
-38552.928997
-38588.831283
-38534.579147
-38180.585986
-38469.205617
-38578.711909
-38608.066496
-38544.657392
-38607.209115
-38467.609072
-38367.238997
-38092.646492
-38147.208763
-38142.324402
-37914.700270
-38066.337044
-37737.467264
-37430.832114
-37536.196969
-37572.090956
-37731.306927
-37533.551875
-37495.265416
-37827.191222
-38055.927126
-38037.169764
-37678.260130
-37633.613120
-37462.001449
-37251.617384
-37746.920445
-37656.609388
-37931.324266
-37798.284218
-37522.615427
-37807.306054
-37754.474532
-37689.222917
-37800.976782
-37818.098745
-37526.717542
-37901.652511
-38149.792669
-38252.602367
-38125.326445
-38231.231410
-37971.473543
-38278.388743
-38138.105626
-37738.849160
-37699.203557
-37966.399167
-38297.614337
-38341.521332
-38076.577703
-38155.155098
-38063.428790
-37863.568941
-37763.631535
-37698.361967
-37950.762716
-38025.315846
-37888.595692
-38050.347834
-38048.590974
-37784.113894
-37931.851520
-37802.243069
-37974.211440
-38121.986823
-37556.009470
-37800.727864
-37793.549455
-37872.425215
-37877.956100
-38064.483126
-38041.191670
-38081.033259
-38088.503480
-38128.718173
-37981.075317
-37866.946983
-37857.076536
-37858.492081
-37881.069752
-38135.341467
-37961.916450
-37891.437821
-37955.523785
-37802.912234
-37845.306906
-37614.726824
-37301.763210
-37257.572827
-37488.788121
-37201.088842
-37703.702500
-37594.346960
-37545.654390
-37646.461056
-37537.573804
-37473.898191
-37229.900551
-37357.317807
-36991.271465
-37617.464449
-37784.457435
-38003.213558
-37704.641881
-37425.761624
-37784.900559
-37811.936189
-37748.228346
-37565.384118
-37706.955581
-37823.297700
-37395.207615
-37758.540497
-37681.868365
-37588.752938
-37661.099494
-37709.157469
-37398.917100
-37391.542735
-37263.513603
-37192.761413
-37083.835826
-37323.847245
-37298.859817
-37456.804889
-37264.219329
-36859.653306
-37098.843741
-36945.320463
-36898.282340
-37328.060883
-37432.061719
-37326.211704
-37392.068694
-37222.547494
-37209.138110
-37522.617782
-37087.765889
-37209.937043
-37665.750937
-37484.777734
-37217.374179
-36842.083669
-36375.259763
-36516.954321
-36579.800280
-36626.700983
-36288.834403
-36200.076225
-36189.073748
-36261.990019
-36103.635423
-36394.095856
-36630.128148
-36897.710513
-36817.168697
-36683.621017
-36770.875576
-36512.427514
-36504.131678
-36375.958323
-36795.663127
-37064.180468
-37312.498531
-36941.854553
-37261.899436
-37427.906372
-36973.875941
-36831.998943
-36863.351825
-36771.792406
-36941.879736
-36900.197101
-37065.771937
-37003.785462
-36623.486197
-36477.201086
-36369.968544
-36100.617143
-36162.105013
-36483.976526
-36520.859683
-36494.596507
-36586.870910
-36507.740651
-36248.385134
-36525.201015
-36342.960671
-36437.787855
-36535.375780
