-38914.322993
-31843.358517
-21330.772379
-13422.718641
-9318.480368
-7598.457390
-6881.151692
-6457.109849
-5998.255123
-5644.527092
-5181.126815
-4846.976512
-4762.203177
-4670.518082
-4545.982866
-4523.288970
-4530.736175
-4510.492916
-4449.954108
-4458.374201
-4393.585407
-4334.206792
-4358.522980
-4325.050196
-4316.688636
-4342.746726
-4314.474187
-4314.403185
-4302.068945
-4245.019657
-4291.001423
-4246.576036
-4243.046402
-4262.929655
-4252.070238
-4209.012201
-4284.283321
-4264.233073
-4256.857407
-4275.195463
-4294.554880
-4301.193494
-4269.886756
-4234.675919
-4288.427087
-4204.592926
-4188.710897
-4202.757724
-4239.175255
-4235.161471
-4232.685184
-4232.668324
-4210.964795
-4224.527637
-4224.425686
-4246.269553
-4240.774844
-4262.620407
-4197.661469
-4146.011885
-4210.655494
-4214.036408
-4180.005141
-4198.652975
-4203.798276
-4165.646950
-4207.403740
-4168.280751
-4206.313542
-4165.918314
-4169.698992
-4134.486955
-4157.379887
-4160.103942
-4152.220114
-4192.297254
-4216.920157
-4135.702836
-4128.462375
-4163.930219
-4147.599989
-4177.363704
-4238.096155
-4214.191490
-4168.195684
-4188.951933
-4189.088900
-4193.834289
-4140.804471
-4185.979219
-4191.662621
-4184.396403
-4192.329946
-4224.977576
-4163.364835
-4167.544094
-4198.107743
-4232.381825
-4207.204904
-4190.154167
