-41266.025203
-27587.212282
-18448.011409
-13698.741062
-10778.956952
-9427.804485
-8955.052962
-8837.028947
-8529.821384
-8516.527253
-8365.411776
-8307.406269
-8337.923566
-8336.184843
-8348.288234
-8267.001338
-8177.357286
-8189.198004
-8271.141760
-8248.253339
-8219.672572
-8182.741485
-8134.601794
-8004.875127
-7975.921515
-7871.694676
-7835.867876
-7833.586172
-7814.685518
-7665.672833
-7652.852316
-7638.525190
-7572.772769
-7598.682622
-7636.061358
-7668.975868
-7671.934140
-7686.545969
-7695.166348
-7608.929653
-7601.888852
-7605.024960
-7543.691898
-7506.929107
-7385.851861
-7461.396594
-7461.411271
-7381.878016
-7505.354796
-7454.213272
-7444.466841
-7421.713382
-7383.124048
-7368.783087
-7438.618834
-7335.812852
-7324.267861
-7243.047196
-7264.502136
-7260.852463
-7267.241288
-7383.662644
-7413.984509
-7498.064953
-7333.923148
-7357.608494
-7399.323718
-7331.004188
-7471.919999
-7506.638798
-7404.227477
-7518.829469
-7604.928890
-7510.025256
-7440.944919
-7392.146146
-7440.446421
-7453.055056
-7375.936775
-7346.679173
-7192.217173
-7267.616092
-7154.081128
-7172.372847
-7231.927635
-7323.461574
-7495.161973
-7404.849911
-7408.059702
-7428.866352
-7369.054995
-7428.335862
-7457.974907
-7466.693503
-7406.161732
-7351.125862
-7347.309194
-7229.729028
-7354.071246
-7372.635001
