-57034.453187
-43320.761150
-29252.352355
-21529.292560
-16019.009549
-13616.458444
-12650.816407
-12246.538040
-11939.469250
-11692.784559
-11461.815008
-11236.800534
-11177.772432
-11040.350115
-10767.741692
-10552.471924
-10276.555183
-10191.434787
-10146.120393
-10156.033343
-10197.479691
-10144.883958
-10082.749158
-10030.863946
-9937.608452
-9922.694693
-9907.799924
-9877.065488
-9976.083980
-9878.629275
-9896.808804
-9854.249079
-9863.923655
-9863.122067
-9869.466119
-9874.463348
-9967.139528
-10010.401379
-9947.340543
-9916.134397
-9825.437892
-9854.536733
-9823.289639
-9843.487492
-9793.104219
-9805.054701
-9791.367908
-9785.924381
-9815.557762
-9719.205640
-9700.302601
-9823.130910
-9756.495091
-9719.524199
-9716.324220
-9638.677222
-9662.623955
-9563.349537
-9632.052969
-9592.855551
-9574.645664
-9586.668811
-9606.583572
-9616.619612
-9541.602105
-9628.769526
-9617.912695
-9626.081543
-9610.110114
-9580.724269
-9594.676604
-9585.829200
-9571.183094
-9634.009431
-9599.264718
-9576.059251
-9554.962566
-9559.139866
-9544.054522
-9574.996008
-9587.664642
-9606.881254
-9581.652908
-9519.259031
-9594.705803
-9592.277374
-9701.033991
-9690.108244
-9657.825649
-9586.797409
-9523.347147
-9603.129045
-9567.981323
-9536.658476
-9564.184610
-9553.909627
-9666.699782
-9620.255084
-9537.466743
-9451.634186
