-58148.024691
-43486.760029
-31050.920080
-22523.622261
-18424.876332
-16913.088447
-16285.410914
-15990.967740
-15773.991568
-15672.478853
-15303.435072
-14966.074999
-14758.389246
-14340.196219
-13926.730547
-13730.081101
-13561.788401
-13534.219431
-13482.049994
-13381.665420
-13272.916652
-13116.143695
-12951.875665
-12535.223994
-11851.483944
-10929.056027
-10443.151283
-10431.537740
-10331.565720
-10255.391695
-10063.369326
-9910.161495
-9889.714683
-9917.455770
-9725.838411
-9446.864670
-9104.541400
-8917.041915
-8766.213099
-8642.006534
-8501.282179
-8348.621254
-8152.868254
-8078.266708
-8092.598341
-8077.968863
-8094.517039
-8099.889368
-8076.334313
-8081.392793
-8089.747431
-8121.957502
-8135.991491
-8097.042244
-8047.793948
-8079.472182
-8070.222685
-8080.004374
-8081.465408
-8100.881672
-8074.813833
-8080.227224
-8089.982105
-8101.962754
-8071.115277
-8089.933867
-8076.927141
-8094.330542
-8083.197934
-8094.664301
-8089.815181
-8088.372925
-8095.248377
-8094.511008
-8130.002011
-8080.174715
-8079.827171
-8046.089268
-8084.012583
-8089.477851
-8095.210884
-8048.164507
-8065.140976
-8048.784862
-8073.711967
-8087.112049
-8083.514033
-8056.637118
-8079.417184
-8080.416853
-8081.332492
-8079.228523
-8092.730510
-8039.654760
-8059.948794
-8022.076409
-7979.859693
-8026.690861
-7977.475153
-8007.131222
