-225372.338026
-221172.354187
-224612.690210
-227702.636653
-230790.871000
-232968.276235
-234181.590523
-235723.580107
-236421.029624
-237245.434450
-238775.418959
-239241.479119
-239688.263949
-240055.424247
-240057.385001
-240224.650746
-240442.413122
-240457.707495
-240165.540857
-240520.606184
-240673.174901
-240655.195338
-240672.326001
-240231.908195
-240371.185167
-240881.041151
-240816.325954
-240553.443937
-240074.286646
-239752.296520
-239978.614658
-239594.911389
-238985.732596
-238678.440782
-238161.990389
-237922.630080
-237642.858355
-237376.549006
-237271.063453
-236901.070907
-236674.616741
-236477.750088
-236115.937492
-236137.924753
-235987.973812
-235813.491965
-235581.585307
-235477.735313
-235212.320285
-235242.207716
-235149.958908
-234749.259130
-234285.108533
-234287.611849
-234668.004506
-234246.790222
-233830.662186
-233830.177279
-233734.563505
-233403.245624
-233093.011632
-233017.701575
-232869.768074
-232614.715435
-232390.917644
-232383.368874
-232383.331591
-232106.675013
-232214.853543
-231918.045961
-231815.607117
-231769.870499
-231845.315751
-232016.018340
-231707.122129
-231484.513849
-231410.423664
-230970.054915
-230898.239420
-231037.175587
-231076.642460
-230580.772123
-230686.034243
-230789.994291
-230215.499922
-230102.016183
-230068.867178
-229933.830941
-229820.867548
-230246.679235
-229999.999522
-229776.566442
-229568.846486
-229604.793808
-229762.982536
-229787.788177
-229871.095660
-229921.417747
-229681.484119
-229689.325943
-229638.791809
-229574.060342
-229656.036705
-229691.796885
-229541.148659
-229685.070433
-229712.512358
-229767.475704
-229735.161793
-229386.930300
-229722.092062
-229515.641517
-229475.257866
-229107.843870
-229235.944025
-228957.921076
-229259.909616
-229383.562239
-229365.857812
-229001.317965
-228797.142753
-228743.388097
-228595.552536
-228263.935854
-228391.624986
-228381.133438
-228437.109410
-228356.500207
-228255.099200
-228108.903667
-227830.561431
-228144.140812
-227854.188000
-227951.410886
-227954.250471
-228095.929584
-227959.058308
-227940.420015
-227966.258423
-227371.622263
-227118.037783
-227080.745877
-226795.984516
-226822.976636
-226932.951236
-227323.670602
-227562.934493
-227894.226465
-227834.648799
-227958.577678
-228090.617171
-228051.120303
-228035.469255
-227872.936791
-227792.494997
-227864.948508
-227685.594041
-227450.493629
-227359.365973
-227695.809790
-227327.111829
-227238.443216
-226916.896885
-226950.295971
-226471.640826
-226780.857747
-226321.213496
-226454.602445
-226340.458580
-226004.142870
-225926.900196
-225886.390475
-225911.508801
-225728.640718
-226056.802438
-226143.844338
-225698.727075
-225940.214202
-225749.409057
-225709.261771
-225538.260954
-225589.368253
-225591.660877
-225298.763661
-225146.154270
-225322.045496
-225727.153171
-225623.006939
-225847.200683
-225964.629044
-225750.416008
-225829.015809
-225824.354903
-225637.860471
-225390.032103
-225335.442702
-225529.154318
-224964.430540
-224777.040076
-224223.725637
-224378.862400
-224420.219315
-224169.683190
-223793.494142
-223492.113816
-223641.136110
-223713.380521
-223479.832917
-223783.806888
-223473.324258
-223205.088162
-223249.480907
-223174.178407
-222984.257002
-223353.588565
-222934.168648
-222943.533546
-222820.405835
-223091.879634
-223122.497192
-222812.680992
-223200.479271
-223478.297488
-222957.617465
-223083.717118
-222867.306930
-222955.925597
-223050.201198
-223081.780820
-223049.881768
-222703.951773
-222883.257066
-223040.762941
-222967.174170
-223228.016781
-223243.791874
-222952.611059
-222967.430294
-222931.944738
-223081.002431
-223369.624272
-223261.246348
-223238.011281
-222974.963967
-223028.346261
-223202.929252
-223045.968409
-223100.835249
-223241.335120
-223105.396657
-223056.314067
-222990.952485
-223312.342478
-223198.448818
-223546.454771
-224214.256992
-224315.936003
-224094.006662
-223620.112398
-223669.741390
-223287.560863
-222709.759238
-222743.857381
-222747.292090
-222817.493573
-223087.432095
-222810.746466
-222920.866102
-223134.336797
-223096.954729
-223081.341224
-222775.474080
-223126.153115
-222690.688659
-222576.831322
-221987.866871
-221423.778624
-220874.331349
-220440.011528
-220547.650822
-220922.510130
-220457.418288
-220955.881759
-221157.398863
-221498.543935
-220963.086524
-220790.841695
-220089.110282
-219008.485559
-217673.085005
-217807.157670
-217768.719696
-217358.745440
-217294.305581
-217471.988860
-217415.952616
-216989.771961
-217128.164879
-216872.636520
-217417.165962
-217508.731472
-217393.802619
-217586.284378
-217481.215680
-217518.491138
-217229.466949
-216939.472285
-216789.632706
-216713.333930
-216665.266960
-217028.332517
-217529.894900
-217504.856979
-217754.880578
-217471.772068
-217475.809338
-217564.568641
-218063.934729
-218009.961246
-218008.075819
-217506.338233
-217774.229408
-217507.981686
-217398.237329
-217464.625247
-217737.267892
-218049.828487
-218390.087952
-218330.286279
-218257.910663
-217984.373748
-217851.346725
-218175.031786
-217792.472687
-217732.578911
-217694.315091
-217753.571230
-217650.482813
-217826.588807
-218043.693629
-217846.294198
-217576.831313
-217110.331976
-217194.702662
-217384.354503
-217583.434392
-217586.291029
-217377.662933
-217036.537018
-217097.599659
-217250.911522
-216900.781516
-216520.806369
-216626.037712
-216698.368686
-216170.649351
-216017.749148
-216163.363475
-215940.359232
-215441.044118
-215647.459150
-215583.585818
-215512.677896
-215262.720828
-215262.701791
-215386.605012
-215646.606006
-215752.717961
-215820.795027
-215734.883422
-215661.574381
-215419.873478
-215789.390583
-215712.881101
-216177.062466
-216336.920133
-216334.926925
-216678.784493
-216664.654872
-216460.381978
-216882.602053
-216388.614829
-216224.004639
-216375.336576
-216498.380501
-216498.289283
-216086.521584
-216094.484889
-215652.144079
-215522.824058
-215519.246315
-214967.248689
-214898.031306
-214652.566417
-214699.761656
-214417.837264
-213278.296504
-211401.520293
-210154.975173
-209743.218380
-209986.474624
-209720.765532
-209379.080666
-209187.484627
-208728.710696
-208749.620741
-209116.505539
-209098.985721
-209250.328689
-209625.660236
-209735.714419
-209411.338344
-209161.575141
-209227.141513
-209284.554035
-209281.368484
-209634.670352
-209744.631270
-209539.853109
-209738.841234
-209696.904921
-210033.797838
-210372.298993
-210578.060945
-209843.279990
-209970.424208
-210047.679657
-210004.602877
-210111.564314
-210173.163735
-209764.977253
-209459.122365
-209105.801729
-209187.860119
-209313.384988
-208977.256757
-208736.520054
-208881.353551
-208801.452007
-208960.395509
-208295.806853
-208294.032814
-208605.224170
-209197.996852
-208805.707153
-208440.872650
-208507.142574
-208274.582767
-207827.377407
-207726.526509
-207341.296187
-207581.635144
-207703.654291
-207812.595307
-208045.080728
-207896.664310
-208179.118567
-207464.471033
-207452.029647
-207656.340829
-207344.258751
-206999.314113
-206755.341028
-206694.115204
-207200.440049
-206690.808402
-207040.033371
-206798.328976
-206571.741357
-206799.291577
-206317.223245
-206257.784488
-206511.456477
-206553.830907
-206547.159653
-206178.638639
-205970.886252
-206341.901728
-206067.376634
-205774.400840
-204664.171019
-204465.757675
-204674.460268
-204766.761757
-204953.129129
-204657.762758
-205109.134853
-204678.645261
-204848.896877
-204907.239993
-204832.910548
-205005.448223
-204549.992225
-204941.448366
-205042.269016
-204722.801977
-204892.696839
-204966.728887
-204882.711987
-204956.226577
