-183868.661425
-176918.837440
-176770.910110
-178267.129730
-179221.755912
-179378.854148
-180419.939082
-181314.687844
-183162.114804
-184587.361042
-185162.811491
-185537.359839
-186495.035014
-186144.390904
-186497.737410
-186507.465335
-186401.683844
-186319.600160
-186096.665339
-185445.696419
-185829.187797
-186276.335986
-186787.210602
-186348.278087
-186324.282952
-186701.906206
-186644.057697
-187242.866016
-186878.890954
-186972.673320
-187333.953941
-187882.941012
-188368.480884
-188682.370792
-189022.255970
-189005.495901
-189526.116896
-190493.465318
-190347.517535
-190281.415635
-190827.112345
-190418.959699
-190448.797568
-190964.514833
-191337.760978
-191869.414111
-191880.622310
-191911.957978
-192103.618354
-192552.635318
-192450.917949
-192489.558671
-192197.079321
-191688.249842
-191337.986828
-191133.231378
-191148.073846
-190829.828091
-190816.972793
-190330.161718
-190037.501033
-190154.804925
-190564.860299
-190601.461110
-190365.067189
-189724.302472
-189189.123864
-189069.417772
-189252.478002
-188819.487995
-188298.411816
-188198.404158
-187655.335095
-187339.016731
-186956.264453
-186957.003736
-186816.960145
-186564.692888
-186576.436965
-186171.126211
-186254.090699
-186049.826670
-185576.104638
-185291.794369
-185072.013567
-184952.143092
-184884.904168
-184659.296535
-185261.467509
-184753.217931
-184674.618933
-184727.753326
-183935.852317
-184000.199602
-184116.486503
-184228.780380
-184311.511529
-184020.303978
-183796.345951
-184105.823614
-183792.312089
-184035.979853
-183850.882920
-183840.583277
-183850.132361
-183372.144808
-183155.055102
-182711.763603
-182812.293006
-183004.457244
-182628.789901
-182130.692329
-182271.000592
-182433.702447
-181842.840019
-181873.004072
-181252.726714
-181626.018877
-181225.928597
-181324.596805
-181020.900124
-180357.637670
-180259.453592
-180026.386319
-179637.625009
-179481.366844
-179162.001908
-178904.685356
-178771.318168
-178222.956221
-178181.107208
-178177.442215
-178357.599351
-178634.929935
-178494.856521
-178144.187069
-177978.931683
-178002.468472
-177540.239776
-177307.034673
-177428.304728
-177394.526488
-177455.264468
-177119.708564
-177084.840715
-177188.012577
-176911.967600
-176660.009203
-176493.143245
-176506.046716
-176520.519136
-176452.953641
-176559.799567
-176628.674751
-176362.213785
-176807.272625
-176404.831551
-176259.428719
-176548.643283
-176226.445926
-176422.146811
-176404.690294
-176000.977767
-176294.995772
-176417.828257
-176386.026924
-175599.987564
-175441.911384
-175642.282261
-175623.419729
-175494.633373
-175556.907648
-175512.598489
-174876.603709
-174840.124059
-174845.097432
-175149.624449
-175659.780358
-175398.077750
-175347.660132
-175312.545015
-175250.666710
-174905.385900
-174960.958396
-174757.771700
-175197.390339
-174883.429214
-174861.815857
-174628.273855
-174758.243125
-174455.922840
-174501.094600
-174192.147859
-174585.652607
-174242.549745
-173938.569769
-173780.637130
-173946.257873
-173738.036176
-174078.159639
-173807.897674
-173992.351895
-173820.644254
-173610.858051
-173599.628708
-173114.416443
-173516.117802
-173699.517957
-173608.937111
-173401.350377
-173687.571969
-173637.448139
-173184.792222
-173203.970131
-172694.422367
-172720.535666
-172770.181840
-172573.175430
-172200.244871
-172427.426566
-172847.145312
-173049.856239
-172907.352754
-172868.363450
-173274.547195
-173305.164615
-173299.379595
-173401.381041
-173085.842137
-173003.534943
-172751.866037
-173028.740063
-172784.139046
-172799.293645
-172839.122299
-172814.047850
-173227.127738
-172998.309394
-173293.133766
-172966.346107
-172730.796169
-172444.148099
-172531.356831
-172521.197961
-172358.469652
-172329.500565
-172157.340421
-172126.273735
-172179.883314
-172038.128504
-171752.333172
-171128.784656
-171126.793372
-171139.075040
-171121.395393
-170892.180160
-171182.378613
-170933.795883
-170949.742085
-170635.827828
-170555.501142
-170568.773572
-170356.027514
-170846.578253
-170606.121836
-170319.610393
-170202.989936
-170114.072736
-170011.944885
-169466.898771
-169880.202205
-169810.348134
-169345.285683
-169335.473699
-169280.680616
-169503.734049
-169208.383876
-169509.974897
-169634.758047
-169477.092308
-169421.689804
-169227.871388
-169087.674933
-168859.126860
-168463.300243
-168666.356396
-168735.862592
-168527.982342
-168095.943840
-168074.362422
-167906.104145
-167792.865872
-167752.662645
-167937.770850
-167660.280268
-167407.605929
-167779.263790
-167499.454619
-167374.218001
-167274.735921
-167687.966554
-167301.269956
-167428.941097
-167368.117972
-167203.075896
-166936.280239
-166926.692644
-166688.166216
-167130.256547
-167116.221050
-167228.758659
-167569.021054
-167631.487333
-167503.262898
-167710.252595
-167472.674655
-167491.219752
-167784.209127
-167567.608406
-167404.068534
-167302.205725
-167771.950777
-167892.924068
-167920.929054
-167833.119391
-167916.145125
-167394.210557
-167396.375362
-167910.262641
-167749.110532
-167801.343246
-167747.479805
-167484.517603
-167575.057217
-167313.900109
-167323.215604
-167015.913461
-166980.160219
-165988.151653
-165471.852553
-165514.674455
-165217.059648
-165229.591079
-165099.396303
-165409.623031
-164998.131350
-164875.852801
-164323.567741
-164794.475918
-164763.899749
-164969.935902
-165096.689502
-164891.793610
-165402.789809
-165305.336995
-165781.365731
-164674.007663
-164429.321544
-164416.192315
-163949.623082
-164115.705611
-164114.117905
-164013.868465
-164336.536128
-163848.790601
-163810.793944
-163984.212251
-164043.988374
-164127.157486
-164342.889169
-164254.929478
-164784.816654
-164353.236131
-164276.574658
-164708.830593
-164755.656468
-164831.005334
-164943.004581
-164833.968885
-164872.785555
-164418.333329
-164327.209350
-164379.234659
-164430.812651
-164280.597420
-164420.773215
-164620.730383
-164492.522465
-164212.092377
-164394.295784
-164404.288218
-164246.983361
-164297.103409
-164763.777589
-164738.655167
-164509.297913
-164595.503444
-164638.176918
-164506.075498
-164253.163994
-164106.792352
-164296.256219
-164063.295615
-164017.949301
-163674.632447
-163353.893710
-163476.687587
-163745.277558
-164041.613674
-163552.928220
-163594.012383
-163005.665535
-163001.593931
-163027.734620
-163052.741059
-163647.704187
-163655.820454
-163509.758112
-163646.972082
-163752.604951
-163539.998748
-163363.315922
-163524.792546
-163532.479643
-163897.171927
-164452.511659
-164043.612914
-163982.598557
-164113.533866
-163789.918723
-163967.927782
-163919.375906
-164104.332199
-164165.920653
-163920.933435
-164083.540232
-164385.437766
-164450.872101
-164301.274556
-164764.820061
-164575.591139
-163996.263945
-163837.668418
-163719.451208
-163695.287977
-163596.448470
-163473.854482
-163599.659508
-164128.058485
-163868.623479
-163788.458550
-163494.529657
-163725.196908
-163529.348864
-163249.542000
-163358.299709
-163391.195139
-163408.249809
-163408.349500
-163830.182827
-163794.942725
-163656.326842
-163443.844782
-163692.297959
-164137.415033
-164311.032135
-164877.183345
-164715.760977
-164660.066352
-164712.672971
-164599.302270
-164139.460751
-164236.839975
-164000.038058
-163936.778688
-164109.163399
-164230.674381
-164059.797756
-164231.901890
-164073.401980
-163783.731945
-163765.873893
-163856.994928
-163612.317230
-163682.205885
-163563.962442
-163669.918581
-163915.516972
-163724.125789
-163594.455569
-163583.116405
-163525.364418
-163876.524746
-163821.069076
-163617.930648
-163522.024110
-163721.250787
-163887.008487
-163979.983525
-163436.530768
