-40125.490684
-31606.855861
-19991.969741
-13077.459184
-10534.492809
-9167.157511
-7997.927695
-7023.767156
-6270.062307
-5992.577131
-5882.944723
-5740.037154
-5491.247315
-5222.637495
-5169.731239
-5165.653338
-5033.531668
-5043.758413
-5076.963309
-5045.848307
-5059.595734
-5018.510572
-5008.374576
-5042.511388
-5050.644056
-5122.607302
-5027.160155
-5062.958535
-4996.979732
-5021.395265
-5073.041247
-5094.516354
-5078.354147
-5081.813442
-5013.379129
-5032.324933
-5027.430540
-5021.904409
-4994.985108
-4997.359389
-5011.207467
-5001.279902
-4994.131704
-5027.440421
-4996.069470
-5008.659268
-4943.069595
-4986.798096
-4983.726322
-5011.541431
-5039.333311
-5061.572777
-5064.432843
-4979.264152
-5024.510405
-5027.708921
-5010.342426
-4963.977307
-4974.609401
-4987.189500
-5047.576737
-5017.318029
-4991.404124
-4998.218702
-4955.480885
-4964.666546
-4990.307359
-5010.211544
-4927.407172
-5028.134048
-5057.386894
-5107.624509
-5099.062340
-5128.274062
-5085.669432
-5069.217742
-5092.807593
-5086.438853
-5041.990756
-5073.398121
-5163.073195
-5106.789756
-5074.925259
-5093.941530
-5065.446909
-5059.457650
-5049.671670
-5033.183153
-5031.203155
-4991.738860
-5059.095738
-5051.794069
-5055.063720
-5002.706348
-4997.417250
-5030.866440
-5065.736555
-5069.072040
-5035.915515
-4996.032481
-4950.900211
-5006.859976
-5086.992556
-5051.279157
-5045.538553
-5066.525563
-5085.868795
-5016.597490
-4978.913240
-4983.668953
-5017.999852
-4993.523171
-5067.426057
-5036.594222
-5037.717842
-5082.770502
-5112.534691
-5050.629518
-4974.846680
-5009.204173
-5001.177185
-4941.407602
-4985.205589
-5047.063851
-5082.843638
-5017.978221
-5051.050567
-5064.296522
-5013.078487
-5035.269470
-5035.595794
-4999.900547
-4970.777252
-4974.318664
-4961.157374
-5001.844312
-4922.427385
-4916.303702
-5009.083665
-5004.257734
-4954.111096
-4957.669767
-4975.093133
-5020.613306
-5031.584013
-5021.101311
-5044.978244
-5075.564068
-5039.397327
-5051.619290
-5079.072804
-5019.519631
-5033.523550
-5019.610613
-5008.169087
-5057.105629
-4993.758966
-5027.302128
-4987.875650
-4922.450986
-4923.135338
-4947.082800
-4924.085931
-4920.107241
-4984.469238
-4906.871379
-4938.227430
-4945.226552
-5011.464323
-4988.594692
-4991.274606
-5010.549112
-4952.405976
-4964.825681
-4965.482653
-5024.797498
-4930.468550
-4932.574212
-4921.214725
-4989.050228
-5005.860133
-4992.854981
-5036.319121
-4986.079479
-5002.343008
-4996.748179
-4991.850377
-4943.385893
-4997.163514
-4991.531199
-4996.261455
-4937.698757
-4980.069897
-4946.250383
-4976.922483
-5001.333307
-5010.963312
-5033.015901
-5048.050635
-5088.158121
