-42768.544597
-33968.547658
-23360.459294
-13854.761530
-10503.318458
-9300.650495
-8406.966822
-7634.588298
-7080.587410
-6511.501703
-6223.841174
-5986.689713
-5771.101690
-5627.466398
-5554.568474
-5512.005978
-5536.756247
-5386.935722
-5381.844578
-5418.747874
-5336.175257
-5296.692832
-5377.080548
-5357.161277
-5242.774749
-5162.944780
-5110.626697
-5012.055756
-4746.507330
-4670.428123
-4720.570512
-4718.368819
-4659.978446
-4667.572619
-4711.839968
-4679.181958
-4651.555374
-4694.909846
-4715.183165
-4679.049786
-4645.293528
-4672.222691
-4647.186316
-4614.814176
-4683.882013
-4611.756949
-4588.919864
-4564.825431
-4571.260493
-4542.639752
-4531.110711
-4503.775315
-4582.835977
-4529.668709
-4541.639758
-4561.764078
-4585.358444
-4578.278784
-4601.389696
-4589.654946
-4561.302835
-4522.508736
-4592.732517
-4520.533341
-4508.195051
-4536.779409
-4564.859561
-4516.069844
-4533.608056
-4503.048153
-4536.911899
-4503.528869
-4516.863918
-4489.740180
-4509.481729
-4468.764345
-4492.040274
-4446.414513
-4472.726266
-4468.711986
-4489.032178
-4456.974456
-4491.946293
-4482.357736
-4499.769957
-4507.336379
-4478.431521
-4460.654679
-4469.321630
-4492.898304
-4504.864310
-4514.234044
-4497.340949
-4561.738521
-4531.848370
-4538.154868
-4559.757282
-4517.723525
-4490.521337
-4481.192213
-4485.413853
-4487.759680
-4484.087408
-4529.599571
-4475.385401
-4420.156652
-4386.238136
-4439.821845
-4454.032715
-4452.787871
-4479.016125
-4456.611491
-4441.337330
-4459.993873
-4417.409605
-4412.805073
-4439.273701
-4476.606462
-4445.941148
-4466.733645
-4433.998931
-4388.903002
-4337.649694
-4314.451307
-4247.121580
-4236.472340
-4244.087437
-4258.028528
-4234.855376
-4277.300745
-4244.752157
-4292.151969
-4258.143739
-4231.901639
-4226.568353
-4197.018756
-4230.166349
-4223.422531
-4235.534666
-4209.429624
-4197.576749
-4234.050133
-4242.467157
-4198.724960
-4216.834902
-4270.861713
-4228.963386
-4164.118798
-4152.249350
-4116.873057
-4120.046257
-4107.027854
-4106.060753
-4106.419481
-4130.616092
-4154.787494
-4133.759136
-4128.681531
-4188.414859
-4142.453476
-4160.807470
-4158.073312
-4113.660290
-4098.975661
-4194.098417
-4148.166909
-4147.950940
-4117.041804
-4137.987446
-4150.682501
-4077.681977
-4101.356686
-4101.049258
-4139.557192
-4138.513637
-4184.164039
-4160.300345
-4125.004821
-4150.180962
-4167.184733
-4108.300422
-4127.833048
-4134.791316
-4106.293894
-4118.972115
-4093.662520
-4068.399161
-4109.623707
-4102.877733
-4106.706235
-4108.938927
-4076.158959
-4100.248880
-4096.570166
-4100.802162
-4065.870733
-4096.650997
-4105.656422
-4119.552746
-4065.082814
