-184598.077067
-182369.949069
-183218.222644
-185417.204455
-186220.030337
-186299.452908
-186342.395133
-186698.668145
-186157.749327
-185656.356467
-185159.725170
-184463.975707
-184141.812606
-183092.094048
-182292.285864
-181349.397430
-180133.707357
-179982.152592
-179124.068140
-178746.770674
-177984.410668
-177204.142684
-176917.252691
-176944.654898
-176179.851368
-175355.930484
-174988.588595
-174459.820489
-173731.735141
-172871.249836
-172506.195855
-172230.416301
-171810.385609
-171368.008835
-171016.735904
-170536.531348
-170389.656063
-169791.672665
-169715.513035
-169272.202927
-168857.277311
-168691.473932
-168460.712424
-168419.900275
-168405.094488
-168586.578608
-168450.312497
-168639.233387
-168572.021612
-168579.607293
-168133.402664
-168164.947644
-168038.791222
-168052.779366
-168183.885518
-168283.315201
-168402.241065
-167716.159818
-167540.194656
-167681.606515
-167520.584763
-167865.915282
-168014.650152
-168014.809658
-167830.327673
-167977.482691
-167837.049895
-167198.847824
-167110.140588
-167194.364889
-166964.734023
-167184.020172
-167177.997616
-167299.801360
-167134.394816
-167345.079533
-167155.713637
-167043.835150
-167360.879453
-167655.649896
-167682.593162
-167538.040704
-167547.685514
-167659.061949
-168104.371610
-168050.854286
-168008.176933
-167796.394621
-167752.176750
-168144.599694
-167793.805378
-167935.526699
-167681.288682
-167681.956395
-167873.232556
-167711.214576
-167856.628013
-167988.455177
-168058.855680
-168079.077795
-167951.179214
-168063.707524
-167905.061531
-168000.468262
-167660.401718
-168032.240862
-167669.281628
-167963.771780
-168062.544726
-168279.282083
-168494.470460
-168576.085945
-168614.988025
-168761.679807
-168495.177205
-168666.450090
-168392.028104
-168386.505940
-168358.076322
-168298.513499
-168133.551501
-168031.644057
-167972.092189
-168001.240218
-167793.389081
-167700.278293
-167428.021603
-167560.167217
-167479.793968
-167499.652334
-167268.601294
-167432.975809
-167310.981475
-167298.188635
-167208.192647
-167138.658454
-167138.553712
-167171.308551
-167188.088294
-167113.937982
-167575.998499
-167342.316004
-167440.814676
-167052.102600
-167224.844432
-167537.457117
-167195.295770
-166799.010685
-167285.817579
-167323.600990
-167002.889417
-167062.949342
-167267.401256
-167500.125900
-167902.997512
-167630.311792
-167419.446030
-167419.563123
-167473.534754
-167328.190768
-167552.753415
-167235.331678
-167390.202354
-167576.877411
-167565.476974
-167701.635243
-167818.895208
-167323.777333
-167176.526367
-166888.631542
-167110.740950
-167141.139554
-167105.274574
-167038.905666
-167268.188700
-167066.973324
-167028.251609
-166851.028152
-166983.969828
-166598.632993
-166721.667056
-166516.997336
-166706.930887
-166795.989523
-166796.376969
-166671.217663
-166673.688090
-166658.382847
-166577.872611
-166734.570911
-166642.033393
-166471.362243
-166596.889402
-166532.201638
-166624.640304
-166335.704902
-166683.340731
-166653.292485
-166671.527077
-166529.870441
-166816.750283
-167197.183418
-166822.089747
-167159.292008
-167119.764017
-166793.336688
-166847.563924
-166867.332396
-166662.222752
-166605.463625
-166563.569109
-166778.448875
-166608.753169
-166636.293006
-166748.727097
-166779.234356
-166778.274263
-166629.588913
-166515.652584
-166658.507953
-166677.850860
-166824.794248
-166561.716610
-166562.138735
-165878.442100
-165957.377493
-165697.760767
-165639.896216
-165717.844955
-165778.948264
-165921.943116
-166163.176049
-166538.844974
-166411.198522
-166184.970037
-165699.562419
-165885.170800
-166281.292698
-166506.431464
-166499.748056
-166593.087317
-166258.846080
-166533.982463
-166440.473305
-166368.512936
-166369.965236
-166292.431090
-166597.789051
-166553.818305
-166562.284652
-166453.053603
-166508.423351
-166283.314817
-166399.134693
-166285.839139
-166733.221806
-166433.234392
-166461.127942
-166492.729900
-166574.743396
-166281.644494
-166315.514805
-166444.794060
-166338.823764
-166592.403137
-166440.127765
-166436.698860
-166544.428950
-166665.665505
-166813.206141
-166483.103596
-166486.500235
-166616.668402
-166598.702225
-166621.248704
-166258.379321
-166509.810187
-166507.199971
-166781.323514
-166754.571968
-166562.010851
-166538.650413
-166520.205982
-166933.543799
-167024.437082
-167058.408837
-166953.365865
-167066.275553
-167138.672672
-167344.108749
-167102.955493
-166838.100692
-167059.039383
-167049.764887
-166861.486651
-167079.118294
-167095.612979
-166952.541391
-166591.918851
-166600.938297
-166704.907804
-166681.888070
-166486.180337
-166355.089476
-166636.109657
-166428.059993
-166750.963879
-166868.711206
-166624.535605
-166975.966458
-166747.258438
-166709.687802
-166406.104212
-166390.037221
-166644.300070
-166629.284648
-166516.736080
-166537.898810
-166250.808850
-166377.878389
-166559.235365
-166144.101030
-166505.499497
-166574.184525
-166704.938902
-166754.247829
-166635.638985
-166739.572185
-166658.464677
-166252.047869
-166210.803130
-166318.640183
-166304.687823
-166203.164882
-166376.645200
-166195.059548
-166002.530092
-165940.716273
-166243.116323
-166039.930162
-166402.361681
-166217.719456
-166197.944400
-166132.135448
-165928.850114
-165828.590479
-165913.850384
-165724.254564
-165958.926355
-166275.550324
-165927.219089
-165624.543546
-165992.596787
-165613.492764
-165939.143494
-166272.180202
-166168.396426
-165858.760350
-165954.747979
-166041.827983
-166220.720909
-166313.152073
-166358.021168
-166386.252350
-166632.616705
-166384.608160
-166853.214845
-166930.705178
-167143.272872
-167039.859054
-166609.456709
-166284.892663
-166487.904059
-166355.859459
-166579.855279
-166656.428953
-166477.039874
-166260.368737
-166079.626119
-166263.999790
-166464.450990
-166386.384625
-166430.949857
-166361.818058
-166205.844298
-165993.605487
-166128.867517
-166023.758269
-166242.929608
-166304.062171
-166399.636118
-166027.751526
-166169.886447
-165796.106220
-166202.373357
-166007.943436
-166365.885164
-166456.839777
-166502.735380
-166697.727169
-166334.796675
-166195.839135
-166189.447865
-166305.409607
-166347.235308
-166075.501139
-166347.359071
-166513.864149
-166401.169894
-166509.396745
-166350.510733
-166517.238588
-166379.299589
-166515.552647
-166534.386211
-166679.996039
-166779.024734
-166736.714855
-166586.972462
-166599.198373
-166963.277194
-166704.796121
-166521.539090
-166576.356432
-166462.319162
-166560.633131
-166289.591537
-166653.568627
-166690.944214
-166695.931899
-166537.396431
-166636.590363
-167055.961227
-166873.520592
-166942.667489
-167108.571783
-166597.004813
-166817.982393
-166512.379899
-166718.508822
-166507.369153
-166846.481451
-166874.569548
-166685.157615
-166317.821905
-166232.954483
-166014.179166
-165707.164735
-165914.151086
-165932.184366
-165806.782687
-165846.447360
-165888.013440
-165893.349216
-166000.665572
-165522.709003
-165538.106497
-165393.280313
-165309.328638
-165309.933175
-165622.673305
-165644.446599
-165611.062199
-166021.175341
-166270.799806
-165976.982959
-165789.851753
-165779.122991
-165866.928613
-165846.474722
-165855.977074
-165805.334229
-165929.796317
-165553.676628
-165727.624353
-165816.941179
-165708.389263
-165776.118690
-165567.402048
-165494.856030
-165547.863897
-165622.660344
-165633.210725
-165492.997576
-165142.999058
-164854.373713
-165224.665041
-165484.391487
-165228.836259
-165622.331802
-165678.496038
-165704.120061
-166024.126627
-165757.119247
-165462.502607
-165271.252599
-165636.392606
-165624.943974
-165420.442896
-165234.036408
