-179905.791989
-170732.220728
-166174.067028
-164026.508032
-163413.108415
-163795.774549
-164575.088323
-164903.600451
-165757.691359
-166342.359147
-167293.849458
-168881.191631
-170730.054277
-172852.674020
-174862.886656
-177605.945523
-180830.836649
-183936.771908
-187590.680991
-190714.356376
-193949.067978
-197198.877684
-199124.036220
-200682.079580
-201924.052572
-202669.149291
-203215.527592
-203808.516882
-204609.833857
-205275.470751
-206076.371284
-206564.772119
-206933.351382
-207197.131846
-207232.078965
-207200.922149
-206969.100429
-206733.434476
-206590.662524
-206378.946270
-206572.310042
-206319.331739
-206147.330372
-205733.811413
-205391.095761
-204970.050571
-204642.299994
-204234.772249
-203923.851436
-203877.988357
-203688.645376
-203641.021304
-203032.499847
-202682.273805
-202194.579114
-201833.906344
-201800.234481
-201402.579446
-201419.154558
-201430.483666
-201316.556233
-201144.545190
-200792.771533
-200255.062694
-199764.296418
-199425.649606
-199120.709366
-198933.475962
-198903.721146
-198590.684512
-198507.221886
-197860.797728
-197353.401480
-197177.224567
-196716.530147
-196426.088661
-196170.422158
-195878.797797
-195495.074078
-194757.088549
-194503.387557
-194286.969939
-193925.223926
-193532.303646
-193741.732280
-193292.226645
-193211.219373
-192964.336850
-192498.654738
-192294.229280
-192049.074186
-191756.061582
-191631.090607
-191760.174250
-191393.575410
-190967.788550
-190861.922223
-190604.367484
-190646.510103
-190037.294139
-189664.241744
-189162.190836
-188934.958816
-188647.357240
-188175.896854
-187642.985499
-187537.062076
-187043.008486
-186502.111725
-186310.963753
-186010.250099
-185984.088117
-185520.952583
-185450.440967
-185101.259390
-184568.511757
-184660.558721
-184322.108486
-184165.314851
-183856.736401
-183857.606483
-183683.237093
-183683.852302
-183487.430531
-183623.439320
-183027.073208
-182859.649692
-182842.235452
-182571.254677
-182425.326644
-182198.591384
-182060.211397
-182086.302337
-181846.986436
-181365.897269
-181385.961908
-180939.707232
-180523.973581
-180481.629097
-180288.965761
-179825.801511
-179719.721868
-179240.038853
-179093.355796
-178981.872307
-178800.269997
-178580.582694
-178435.889082
-178380.604647
-177992.804342
-177747.593534
-177652.094541
-177347.505760
-176985.411286
-176746.932721
-176703.620714
-176403.757577
-176244.497815
-176255.133245
-176081.422377
-175667.777620
-175508.539531
-175269.822305
-175275.511550
-175260.157535
-174938.514993
-174962.664707
-174638.174205
-174243.440935
-173987.241069
-173934.666137
-173803.082727
-173288.034612
-173086.670088
-173062.111538
-172988.501994
-172976.748991
-172704.388303
-172825.397942
-172618.069893
-172585.003663
-172647.973009
-172496.750561
-172387.803331
-172473.108680
-172521.439223
-172258.719959
-172571.355147
-172613.258612
-172585.429754
-172880.594660
-172461.283996
-172336.235317
-172417.488176
-172685.612852
-172486.155589
-172679.350721
-172703.155819
-172666.242820
-172434.010441
-172516.446288
-172638.983909
-172429.731926
-172371.807213
-172226.459941
-172172.757850
-172285.969003
-172155.231686
-172110.880923
-172081.004748
-172034.756311
-172151.085356
-172402.162467
-172533.725984
-172105.706926
-171946.981054
-171893.496553
-172040.959117
-172143.400795
-172046.967070
-171454.107254
-171608.487259
-171411.040298
-171201.651578
-171352.846706
-171611.497235
-171441.982075
-171554.630058
-171456.409092
-171271.427597
-171210.171837
-171267.137521
-171491.256371
-171177.818194
-171247.708496
-171330.675334
-171294.606653
-171232.997458
-171215.923908
-171083.964132
-170953.882902
-170984.585645
-170905.184949
-170913.557559
-170652.770272
-170834.683938
-170591.479533
-170896.345969
-171122.645010
-170757.536030
-170838.653000
-170747.749966
-170738.515094
-170838.839401
-170893.494138
-170771.818870
-170902.488637
-170498.028265
-170506.058514
-170495.275763
-170660.766110
-170849.625425
-170780.200943
-170531.017761
-170630.638393
-170475.555327
-170394.240058
-170174.107437
-169988.438333
-169688.614311
-169988.038536
-169387.817929
-169336.019157
-169411.005296
-169222.073903
-169055.837690
-169102.200123
-168936.559181
-168726.118225
-169159.694625
-168978.509596
-168707.749494
-168553.867270
-168438.849612
-168279.425527
-168212.471166
-168601.136671
-168177.987027
-168038.699033
-167945.212171
-167856.826139
-167692.947845
-167490.659743
-167793.256102
-167814.771264
-167612.637002
-167514.573953
-167820.005190
-167782.822398
-167626.151217
-167692.522296
-167603.090824
-167704.675048
-167620.943922
-167544.829850
-167411.401341
-167558.838315
-167659.825719
-167347.916992
-167488.850050
-167691.907594
-167673.286667
-167438.089663
-167421.017625
-167473.049970
-167024.817319
-167027.392469
-166880.157870
-166712.060549
-166762.868367
-166910.734014
-166808.981834
-166939.385339
-167070.240255
-166808.033910
-166460.334840
-166957.980266
-167004.946102
-166895.192513
-166621.245764
-166759.488437
-166797.703961
-167069.672807
-166897.166054
-166855.531697
-166590.257824
-166608.533355
-166384.869302
-166613.740834
-166276.134017
-166228.795103
-166739.739096
-166762.029801
-166903.384630
-166444.360308
-166589.922521
-166691.825131
-166944.779217
-167056.338528
-166893.324596
-166949.193937
-166752.778196
-166457.637455
-166775.632545
-167016.551825
-166993.555920
-166977.891684
-166785.167049
-166884.554037
-166861.987502
-166594.790982
-166599.792225
-166276.420061
-166282.050634
-166340.534795
-166441.802416
-166070.664985
-165924.917883
-165483.951632
-165663.682511
-165616.140602
-165925.181137
-165655.912887
-165911.487247
-165905.937548
-165817.200724
-165402.487405
-165757.257343
-165536.578055
-165147.425756
-165360.843709
-165358.063829
-165494.752961
-165552.854377
-165778.175586
-165798.433252
-165994.349157
-165910.410200
-165950.435248
-165750.139607
-165821.204445
-166060.568784
-166094.145549
-166057.084495
-166117.850925
-165806.183122
-165933.211297
-166224.367755
-166258.916816
-165981.839347
-165972.980026
-165877.215601
-166053.961489
-165788.089227
-165849.288297
-166303.279619
-165944.795339
-165912.339800
-166024.761563
-166068.058723
-166238.899528
-165947.177063
-165842.375674
-166063.815246
-166118.313534
-166006.311559
-166181.248281
-165703.334118
-165724.413635
-165400.505569
-165439.468835
-165754.982713
-165354.829214
-165399.640660
-165371.277787
-165167.169161
-165067.099024
-165137.135854
-165466.490292
-165313.437408
-165386.998624
-165010.731649
-164777.472829
-165107.551881
-165171.505268
-165047.470664
-164951.944997
-164791.538491
-165108.176838
-165076.832185
-165122.733404
-165375.081461
-165393.684439
-165541.976706
-165257.681721
-165211.618558
-165074.242830
-165020.725608
-164877.247755
-165083.813278
-164943.837277
-164854.522298
-164935.216547
-165037.958020
-165513.099861
-165295.008944
-164956.732543
-165047.040908
-165350.077660
-165085.250467
-165163.369896
-165202.483510
-164723.037290
-164610.581862
-164650.579887
-164494.110919
-164560.470415
-164392.579212
-164483.855639
-164570.828700
-164341.927348
-164625.872306
-164642.839757
-164973.179629
-165169.534153
-165332.618360
-165392.031868
-165536.136418
-165421.065382
-165431.762358
-165216.039844
-165195.431532
-165070.315260
-164965.387765
-164826.377090
-164744.009628
-164473.251335
-164894.139641
-164802.415692
-164680.147100
-164692.799239
-164753.712527
-164666.873897
-164576.732171
-164323.284934
-164404.565237
-164374.680745
-164556.177677
-164523.634828
-164378.912115
