-58841.890535
-45961.600603
-32304.644331
-24272.927865
-20960.392894
-18746.128396
-17554.843320
-16820.400129
-15266.678405
-13736.007378
-12923.835665
-12422.195080
-12272.388184
-12160.166650
-12091.914770
-11941.021839
-11885.609939
-11910.286768
-11799.329653
-11773.098093
-11783.745858
-11719.876301
-11664.669092
-11724.540609
-11680.980197
-11630.698684
-11658.568274
-11545.089213
-11512.169406
-11585.992926
-11638.437666
-11581.874397
-11517.511712
-11499.625348
-11532.676765
-11382.012220
-11344.499433
-11264.703398
-11266.507847
-11189.828549
-11246.852990
-11369.929445
-11313.126003
-11339.797022
-11339.090024
-11399.434767
-11273.286976
-11197.579415
-11289.483948
-11297.414280
-11271.920779
-11242.868786
-11164.061421
-11130.426577
-11258.654591
-11246.337097
-11151.988164
-11191.108828
-11091.518736
-11062.034334
-11200.431976
-11160.361265
-11202.296454
-11233.241038
-11269.989948
-11311.298035
-11440.271803
-11378.850935
-11476.538133
-11424.405000
-11358.456166
-11312.690298
-11273.735802
-11144.390945
-11203.926452
-11175.331558
-11200.886925
-11257.932426
-11221.707364
-11323.572101
-11298.965216
-11343.337374
-11309.139866
-11303.772258
-11238.840993
-11277.226357
-11358.756605
-11250.491039
-11306.980924
-11398.333942
-11319.411395
-11172.226599
-11202.971175
-11209.997944
-11420.106934
-11395.657853
-11445.812092
-11405.667165
-11367.858709
-11328.748843
