-61140.375474
-46216.784215
-30342.445842
-20932.021368
-16866.084398
-15043.755694
-14163.139834
-13499.300826
-12866.227496
-12609.325749
-12537.115472
-12262.362934
-12063.810210
-11913.031578
-11887.845194
-11824.040696
-11819.661646
-11641.331823
-11546.934000
-11536.013489
-11420.485264
-11541.831328
-11468.300342
-11512.383419
-11453.778550
-11243.025640
-11143.565106
-11064.110008
-11074.186540
-10975.575542
-10909.942072
-10825.157738
-10967.988479
-10864.570112
-10846.211504
-10731.167350
-10834.300600
-10878.427761
-10992.860495
-10916.280940
-10981.722559
-10926.602150
-11019.141809
-10996.219541
-10997.506861
-11033.722896
-11000.934104
-11041.227274
-11027.078656
-11049.940236
-10896.013787
-10991.368850
-11039.035593
-10986.995607
-10957.812348
-10964.548127
-10938.564628
-11012.315979
-10907.276667
-10920.639859
-10975.360333
-10859.192061
-10855.497289
-10869.838651
-10899.762355
-10983.535866
-10982.568469
-10929.099120
-10959.286829
-10999.859827
-11009.796416
-10960.883001
-10958.897224
-10947.496128
-10910.380776
-11062.769180
-11072.370637
-11067.070004
-11120.213862
-11026.818097
-11020.458465
-11018.957855
-11094.251701
-10960.615627
-10999.622297
-10959.641079
-10991.355987
-10980.210224
-10899.152646
-11014.265374
-11110.421562
-11087.446515
-11000.519116
-11110.597918
-11059.562708
-11025.219435
-11053.259629
-11060.790709
-11020.655516
-10920.415599
