-227154.430464
-167893.831719
-161919.906296
-160599.592083
-159700.309994
-158333.301283
-155126.810310
-149770.636887
-143743.632482
-137451.759808
-131208.351668
-125425.528823
-121891.145961
-119402.967608
-117826.448922
-116689.276415
-115831.670542
-114957.629654
-114413.302152
-114064.984117
-113986.691490
-113798.553867
-113786.306195
-113773.838152
-113745.946845
-113787.571537
-113728.861934
-113771.734983
-113592.190344
-113526.782578
-113540.766965
-113519.607467
-113429.145212
-113342.616307
-113398.162549
-113405.026143
-113326.092889
-113283.660837
-113254.801637
-113172.313462
-113220.465038
-113215.902613
-113272.525268
-113197.424314
-113198.050469
-113244.759221
-113173.735698
-113164.239433
-113151.883886
-113147.733165
-113115.285809
-113157.849751
-113112.233633
-113137.005418
-113088.915807
-113130.705097
-113187.112587
-113164.743899
-113115.562618
-113108.495713
-113092.732969
-113090.142184
-113095.410163
-113054.308071
-113025.834606
-113099.166845
-113112.001404
-113093.399057
-113090.325478
-113001.035926
-113052.560337
-113040.383388
-113070.141654
-113052.436135
-113065.007046
-113062.044912
-113046.365006
-113017.931857
-113013.848688
-112996.036446
-113012.089330
-113036.345369
-112986.951796
-113018.949577
-113012.758487
-112995.614279
-112994.621020
-112851.965261
-112840.680264
-112816.721497
-112838.443631
-112845.044350
-112773.754198
-112773.885793
-112757.461291
-112753.638381
-112763.937386
-112775.476779
-112778.328760
-112779.553754
