-224990.017867
-167643.566184
-161206.515199
-158448.949112
-154762.955374
-150367.866633
-146141.497570
-142739.717171
-139881.189612
-137867.574311
-135709.408849
-132541.748852
-129224.252227
-125871.290117
-123714.054741
-121728.726976
-119596.871942
-117849.235904
-116396.021472
-115817.031360
-115342.515187
-114954.641708
-114746.448823
-114551.758213
-114352.522925
-114262.041880
-113969.255448
-113628.423560
-113415.180092
-113299.301080
-113218.770014
-113158.366138
-113098.084918
-113149.946661
-113110.037231
-113075.459982
-113035.586732
-113007.154577
-112831.919557
-112616.140872
-112594.419489
-112586.069307
-112540.450082
-112565.282728
-112586.893703
-112565.506020
-112623.163864
-112547.798382
-112591.409661
-112558.541286
-112555.688025
-112561.785305
-112550.165533
-112565.932860
-112543.574098
-112549.499497
-112539.496770
-112545.356090
-112565.228332
-112547.147277
-112558.994966
-112538.856970
-112549.347991
-112554.651978
-112512.003641
-112504.860052
-112530.859491
-112519.779145
-112502.031326
-112494.623249
-112512.601798
-112493.497234
-112485.539732
-112514.123593
-112492.214743
-112515.139285
-112519.464351
-112491.802813
-112491.819170
-112478.907525
-112475.772633
-112472.652613
-112469.190546
-112467.260844
-112453.723792
-112454.601397
-112454.815100
-112441.242423
-112460.729452
-112471.970943
-112468.327305
-112520.426594
-112463.486652
-112473.696743
-112453.326445
-112463.292054
-112432.235214
-112451.922695
-112458.807840
-112460.011155
