-28076.076716
-26700.838072
-26245.570741
-26151.986750
-25940.715570
-26245.854241
-26243.281850
-26233.445136
-26209.972827
-26313.725664
-26698.716098
-26813.550815
-27056.054191
-26879.073374
-26594.214090
-26363.365546
-25561.755794
-24878.225806
-24432.686150
-23858.211066
-23193.328207
-22838.575944
-22236.037711
-21880.253833
-21197.668651
-20733.457752
-20530.572475
-20800.992391
-20619.247163
-20776.910190
-20680.605470
-20201.002230
-20304.348652
-20394.992834
-20494.455988
-20424.370865
-20361.165396
-20228.398049
-20270.770921
-20307.211608
-20131.201883
-19793.715473
-19665.411227
-19605.773469
-19154.100489
-18669.352915
-18354.017252
-18421.996299
-18292.688246
-18467.533172
-18256.543043
-18311.771989
-18082.560518
-17959.709357
-17730.251058
-17754.118974
-17663.041974
-17681.275100
-17587.292315
-17473.286414
-17473.033284
-17274.631721
-17273.901066
-17495.024574
-17300.197323
-17145.800273
-17163.558789
-17179.720788
-17000.797839
-17027.301235
-16994.328031
-16735.858740
-16558.245691
-16568.971524
-16666.167504
-16789.000451
-16789.263404
-16738.080167
-16967.241082
-16954.760598
-17003.481947
-16855.228072
-17031.199270
-16831.369307
-16775.738443
-16794.401734
-16926.106696
-16905.299915
-17035.140408
-17019.494931
-16960.460352
-17109.661148
-16812.568219
-16890.217117
-16700.536624
-16888.233117
-16928.577472
-16868.090984
-16895.396604
-16830.712784
-16860.687741
-16995.477522
-17097.129474
-17055.091093
-16941.349986
-16941.414553
-16990.517894
-17006.593609
-17059.824294
-17185.671288
-17213.280168
-17306.167392
-17201.919442
-17148.862777
-17070.575779
-17166.979659
-17114.774648
-17015.536750
-17134.050336
-17152.637224
-17393.872454
-17228.430932
-17239.550145
-17316.416911
-17570.429744
-17253.125045
-17203.710911
-16978.566957
-17059.617358
-16808.203238
-16891.381631
-17026.797299
-17019.665061
-17005.592246
-17011.478079
-16880.209334
-17109.345089
-16922.382995
-16862.797261
-17099.822027
-17024.243038
-17137.954892
-16966.834528
-16901.582922
-16858.406812
-17048.644837
-17119.007042
-17044.020156
-17008.432998
-17134.158906
-17151.451829
-17048.739927
-17215.958452
-17122.835196
-17239.675673
-17235.133062
-17020.503357
-17177.169304
-17277.596667
-17111.450644
-17052.350268
-16959.825878
-17035.555857
-16863.265348
-17054.113619
-16952.494391
-17184.613162
-17281.938768
-17244.744577
-17161.147923
-17184.931397
-17103.163697
-16809.940646
-16974.895665
-17006.207698
-17020.006250
-17070.633517
-17027.638324
-16877.347090
-16893.572637
-17160.924864
-17044.008578
-17200.577082
-17129.444177
-17294.322775
-17079.312132
-17057.917618
-16903.763108
-17062.766258
-17154.354867
-17292.253517
-17211.675156
-17356.205409
-17386.396347
-17467.173403
-17698.872977
-17674.508696
-17619.217838
-17570.948798
-17577.836533
-17312.347316
-17454.025061
-17610.849452
-17512.161363
-17579.213754
-17502.220886
-17392.776262
-17450.660449
-17144.951589
-17278.889644
-17225.346696
-17439.043896
-17324.888017
-17156.986339
-17230.493456
-17136.428870
-16989.757831
-17009.816514
-17268.774073
-17045.113544
-17084.582955
-16974.534871
-16961.812114
-17208.326916
-17285.274607
-17302.152999
-17058.063273
-17205.598465
-17229.706021
-17177.042990
-17191.934814
-17355.646471
-17151.143344
-17040.862713
-17154.802928
-17161.552660
-17105.124385
-17069.720729
-17214.945071
-17280.591324
-17170.963979
-17246.417862
-17289.778173
-17120.459009
-17285.460363
-17346.233041
-17336.908499
-17427.965029
-17397.908180
-17307.117267
-17251.024155
-17294.609395
-17099.722346
-17143.034508
-17418.490686
-17062.358152
-17225.548205
-17282.351087
-17313.159652
-17400.910506
-17288.874073
-17368.289203
-17609.442918
-17560.107435
-17572.244373
-17349.460512
-17184.276268
-17248.510681
-17244.720206
-17534.939308
-17601.660627
-17482.310209
-17487.442555
-17463.005393
-17262.068367
-17251.779117
-17331.471648
-17472.945427
-17487.414443
-17465.204358
-17349.680430
-17372.635403
-17342.411150
-17395.732018
-17440.334400
-17504.877205
-17342.399030
-17359.440868
-17385.014445
-17443.392457
-17268.042906
-17353.975981
-17314.475806
-17232.142958
-17198.856984
-17295.631592
-17419.576304
-17366.474637
-17302.453477
-17380.312917
-17314.903607
-17321.415309
-17372.827166
-17292.099934
-17318.532433
-17390.689878
-17318.876137
-17329.736345
-17430.623603
-17509.328097
-17389.740699
-17193.117858
-17191.219285
-17281.234159
-17163.350582
-17280.242712
-17176.229286
-17197.335150
-17204.249975
-17196.742184
-17244.058071
-17293.627801
-17239.321423
-17204.381921
-17019.535964
-17015.028050
-16986.236184
-17338.485565
-17251.023961
-17114.772519
-16950.957260
-17130.131950
-17130.101674
-17053.906387
-17096.737980
-17281.167918
-17419.575556
-17106.068489
-17214.724613
-17300.389385
-17232.110493
-17379.521873
-17249.104588
-17207.526745
-17333.268261
-17547.749293
-17501.251613
-17510.214378
-17681.663770
-17507.596791
-17355.158448
-17362.236498
-17495.045065
-17385.345873
-17440.283410
-17235.421794
-17212.322111
-17222.850321
-17121.139085
-17338.960235
-17371.503470
-17349.149715
-17356.025040
-17284.991301
-17361.252349
-17302.339576
-17115.478053
-16805.699129
-17098.662107
-17214.133665
-17325.031206
-17229.428487
-17327.037045
-17209.284351
-17235.571782
-17148.723460
-17107.496934
-17202.637958
-17014.216666
-16956.527837
-17514.252602
-17423.299647
-17310.319999
-17261.345815
-17421.344198
-17159.404415
-17287.451567
-17158.045900
-17161.622987
-17340.790372
-17447.897993
-17209.284601
-17076.229625
-17228.682396
-17324.344522
-17208.714560
-17198.498902
-17161.711868
-17165.248143
-17297.508737
-17330.148983
-17220.887143
-17167.842910
-17044.375172
-17138.277462
-17318.970470
-17149.085182
-17230.887508
-17276.032369
-17285.556140
-17052.439143
-17180.925082
-17160.475116
-16934.354459
-16892.656868
-17000.501334
-17170.090684
-17093.434791
-17292.398962
-17435.800106
-17282.014373
-17339.586035
-17388.452346
-17368.307369
-17248.804301
-17235.487694
-17279.130556
-17248.774627
-17392.259095
-17374.453302
-17428.713978
-17525.353871
-17475.137706
-17575.837850
-17436.426315
-17370.773944
-17358.080128
-17244.425124
-17260.143408
-17285.041374
-17408.201467
-17462.846422
-17437.955181
-17392.243112
-17340.938813
-17439.305541
-17474.697588
-17370.580276
-17311.723918
-17389.011413
-17471.745461
-17189.108903
-17182.136629
-17212.011287
-17179.015503
-17254.365628
-17278.949980
-17423.119959
-17286.040489
-17294.132811
-17288.428075
-17253.758275
-17253.155162
-17252.374179
-17294.474643
-17543.690781
-17633.120210
-17820.793880
-17755.980003
-17637.317674
-17598.468068
-17583.842262
-17498.790040
-17322.493946
-17583.322438
-17502.813390
-17625.522793
-17394.449246
-17617.005858
-17654.852212
-17413.427884
-17410.717514
-17339.993301
-17408.594052
-17387.297196
-17534.566811
-17545.560071
-17563.723510
-17411.450717
-17469.061864
-17725.882034
-17714.525769
-17520.383205
-17439.917690
-17562.227055
-17435.974426
-17531.027568
-17467.925497
-17404.285715
-17261.252334
