-27225.027491
-26297.339348
-26217.165579
-25850.228508
-25770.319338
-25429.924395
-25587.570467
-25515.996687
-25743.325000
-25697.463140
-25658.913072
-25470.449861
-25065.351572
-24597.046999
-24424.757376
-24076.681917
-23799.608539
-23677.003892
-23735.856325
-23588.878558
-23218.019960
-23039.824787
-22612.988432
-22486.725391
-22024.413548
-21834.894265
-21227.636159
-21068.727623
-20968.641149
-20881.083137
-20705.291725
-20529.751678
-20245.653797
-20049.356466
-19866.740146
-19751.919473
-19655.649328
-19514.010373
-19355.450497
-19217.427528
-19073.371379
-19218.467133
-19130.575977
-19371.941479
-19348.730110
-19458.418595
-19291.007766
-19365.346928
-19295.365108
-19156.630666
-19152.384355
-19098.569299
-18893.066224
-18884.891395
-19006.138565
-18897.050113
-18963.745235
-19034.951384
-18923.398744
-19091.511793
-19114.651780
-19020.217182
-19120.529563
-19341.718149
-19248.309387
-19079.581059
-19126.932140
-19270.214169
-19323.960095
-19506.649904
-19339.955364
-19161.071051
-19371.782174
-19368.259595
-19158.360762
-18906.240652
-19096.005747
-19098.570512
-19096.748057
-19063.664434
-19102.178792
-18938.907376
-18770.504715
-18707.615749
-18405.347748
-18608.617319
-18580.529293
-18448.587668
-18463.406396
-18690.253717
-18561.032496
-18443.625967
-18561.574767
-18498.998218
-18624.298382
-18600.031566
-18656.969924
-18798.771938
-18838.807116
-19056.432733
-18913.750005
-19033.227445
-18998.274802
-18909.480529
-18903.023075
-18701.950625
-18909.874052
-18824.936421
-18875.673838
-19153.496922
-18894.428218
-19076.673364
-19140.117953
-19059.982220
-18938.392774
-19217.789767
-19088.420575
-19295.224528
-19350.880316
-19160.285032
-18967.440380
-18998.383422
-19144.190636
-19177.672194
-18923.915104
-18980.477414
-18997.579046
-19081.612165
-19355.108201
-19322.114674
-19259.846559
-19409.394736
-19286.897425
-19251.423852
-19058.492315
-19192.644168
-19418.545973
-19373.758081
-19151.353979
-19063.582091
-19060.124688
-18860.873631
-18934.610182
-18974.350841
-18979.422277
-18902.315912
-18848.298488
-18824.587430
-19035.417841
-19024.113685
-18814.845016
-19011.955198
-19214.286718
-18906.178595
-19153.797150
-19155.698928
-19171.340831
-19414.054378
-19441.801368
-19455.951344
-19467.853861
-19382.512304
-19485.984931
-19321.366212
-19189.286982
-19074.285608
-19131.676391
-19106.605252
-19008.098055
-19043.527683
-19317.720943
-19196.562311
-19230.945460
-19089.897718
-18804.211245
-18831.545846
-18414.545239
-18563.524851
-18484.133574
-18527.039585
-18393.075553
-18557.524559
-18546.941974
-18497.246471
-18467.669494
-18316.124512
-18255.748036
-18322.785112
-18388.656046
-18254.196190
-18348.249723
-18437.017002
-18644.748040
-18621.937343
-18524.255114
-18799.949223
-18813.161209
-18855.519223
-18629.422867
-18626.279349
-18829.228831
-18741.351008
-18952.893222
-18714.199081
-18743.041191
-18695.892976
-18762.592461
-18739.799754
-18748.930289
-18912.688966
-18744.166090
-18593.266302
-18622.253376
-18926.340208
-18913.082765
-19006.246052
-19220.046899
-19179.307997
-19036.709806
-19129.023042
-19028.038309
-19047.099894
-18835.015604
-18853.301758
-18822.117137
-18946.091591
-18967.877677
-19022.971439
-19247.699968
-19088.610033
-19118.511440
-19046.131834
-19232.646259
-18927.839211
-19392.451552
-19536.857927
-19244.978098
-19084.137087
-19057.816624
-19237.171366
-18854.744183
-18576.337265
-18542.299529
-18777.192943
-18961.100824
-18921.005234
-18853.729081
-19064.855369
-19110.114117
-18863.073228
-18841.722256
-18967.374737
-18748.985691
-19003.478252
-19021.528977
-18784.369536
-18740.352405
-18722.858494
-18941.812711
-18747.267752
-18692.364149
-18617.872646
-18794.369948
-18593.411781
-18523.904580
-18650.528410
-18658.590220
-18763.518773
-18768.861265
-18843.199865
-18712.571393
-18519.311488
-18706.861636
-18650.927191
-18702.583745
-18690.682627
-18714.989361
-18793.645863
-18830.912686
-18601.493666
-18458.682758
-18368.425430
-18562.860854
-18708.044210
-18560.114492
-18419.383992
-18340.088533
-18482.654805
-18394.911233
-18265.298577
-18620.131083
-18623.565122
-18556.802671
-18516.811551
-18419.377161
-18379.698111
-18300.356043
-18288.062191
-18304.448386
-18286.740703
-18389.146691
-18687.834121
-18599.843269
-18424.602851
-18216.099643
-18472.840268
-18526.710823
-18600.704523
-18629.741625
-18775.291994
-18644.277509
-18437.443035
-18594.578612
-18490.284859
-18513.715588
-18577.155320
-18589.259020
-18633.982213
-18692.911207
-18819.788062
-18723.134433
-18978.735223
-19124.065087
-19174.671090
-19172.957391
-19208.104354
-19281.927004
-19292.531935
-19196.820081
-18979.737207
-18915.460572
-18927.263956
-18952.277437
-18731.786893
-18741.699321
-18650.690614
-18644.294281
-18643.633932
-18720.473226
-18701.516655
-18849.684977
-18807.125813
-18732.133841
-18619.815967
-18634.868539
-18698.379952
-18766.367960
-18750.327439
-18758.792520
-18886.221406
-18781.303274
-18917.799660
-18610.054520
-18877.708052
-18794.492665
-18679.414044
-18881.152531
-18704.512659
-18777.638319
-18904.159779
-18845.515092
-18827.220570
-18805.986888
-18990.095445
-18812.163966
-18713.921423
-19106.352372
-18963.614491
-18903.927484
-18953.313690
-18983.932868
-18660.355166
-18804.722723
-18770.511227
-19058.522862
-18962.117396
-19017.896702
-18977.045469
-18976.911635
-18813.900782
-18830.432603
-18861.455744
-18999.959731
-18903.318033
-19051.263251
-19226.212896
-19097.907016
-19074.946790
-19255.865227
-19320.389891
-19260.770377
-19035.430732
-19018.288062
-19153.637803
-19189.810392
-19235.140553
-19352.885021
-19188.889676
-19203.793583
-19111.708383
-18965.380252
-19047.332309
-19368.255414
-19203.545038
-19155.663463
-19119.956622
-18952.614468
-19243.478677
-19153.799210
-18951.013718
-19149.331959
-19208.393717
-19169.495888
-19099.760457
-19098.909907
-19017.150748
-18964.372619
-18902.369381
-18966.071026
-18957.840534
-18933.869557
-18886.463605
-19101.954527
-18984.061881
-18888.137921
-19032.098629
-19078.179540
-18834.027079
-18781.732401
-18649.169124
-18682.522998
-18532.670087
-18450.354959
-18586.588472
-18414.742696
-18413.906704
-18505.222423
-18502.985942
-18405.879216
-18489.723093
-18546.383991
-18808.161479
-18631.199475
-18503.459276
-18438.783012
-18530.720113
-18456.600050
-18716.552482
-18724.169213
-18895.187684
-18937.145496
-19001.197113
-18951.256131
-18835.958795
-18846.988689
-19176.144576
-19135.084762
-18764.255652
-18850.067211
-18802.066752
-18856.218637
-19026.785707
-18858.915282
-19014.240544
-18660.136432
-18481.902393
-18645.509352
-18701.781514
-18979.750424
-18993.276027
-18859.147391
-19009.337226
-18948.163557
-18877.001076
-18877.910515
-18700.653328
-18985.334664
-19010.085257
-18843.653553
-18876.216273
-18793.976389
-19030.135642
-19053.767064
-19140.401999
-19060.294635
-18908.662155
-18785.156328
-18868.188973
-18779.572684
-18930.879778
-18827.114290
-18702.219556
-18798.476123
-18828.255356
-18909.069184
-19161.773937
-19021.221027
-19174.336445
-19123.782605
-19167.230046
