-11545.932586
-9247.281332
-6976.933313
-5345.022814
-4699.696635
-4308.122537
-4102.029202
-3888.179965
-3728.209524
-3648.886809
-3600.822947
-3496.638154
-3460.897567
-3454.957129
-3484.228740
-3458.662485
-3424.893690
-3425.469588
-3397.557385
-3384.383359
-3373.191956
-3292.693811
-3293.605381
-3287.685047
-3265.027331
-3225.302521
-3165.644192
-3182.438993
-3169.371557
-3178.608260
-3175.535359
-3184.184993
-3173.624921
-3121.248803
-3136.826928
-3153.148714
-3116.201843
-3140.205580
-3132.029045
-3105.190277
-3093.888762
-3069.927604
-3084.103755
-3102.686772
-3060.329093
-3038.363204
-3083.197820
-3102.810640
-3098.004367
-3046.773267
-3073.432333
-3040.356434
-3066.750820
-3075.983204
-3047.721565
-3067.024119
-3071.505613
-3080.535134
-3023.688247
-3034.781624
-2998.407383
-2993.531018
-3026.938086
-3011.170158
-3016.688834
-2983.729554
-2968.352663
-2972.504173
-2951.715367
-2946.985168
-2972.655279
-2955.045530
-2952.478966
-2927.151432
-2947.449703
-2963.252369
-2936.125475
-2962.539583
-2936.698874
-2954.611603
-2939.701788
-2956.442516
-2945.485485
-2940.274500
-2921.876041
-2928.066928
-2945.452763
-2937.825558
-2940.390650
-2886.147560
-2869.330876
-2879.411237
-2890.726098
-2880.270556
-2887.256894
-2889.088961
-2916.266464
-2881.107137
-2867.846364
-2851.868608
