-11050.271453
-9161.288015
-6734.914423
-5149.726066
-4376.859949
-3841.662302
-3496.615929
-3431.187565
-3373.727015
-3371.344290
-3332.293062
-3300.680349
-3263.551074
-3271.397708
-3220.083569
-3208.168494
-3198.012844
-3162.453602
-3134.248510
-3085.956929
-3061.582340
-3072.788536
-3027.830843
-2931.373597
-2904.286421
-2868.633630
-2810.196694
-2799.108476
-2793.933629
-2795.207128
-2807.191672
-2804.892488
-2812.332432
-2801.211399
-2812.069359
-2816.615900
-2794.604961
-2804.565875
-2795.119039
-2784.402425
-2793.335693
-2789.750810
-2800.592319
-2794.933351
-2792.411018
-2787.284461
-2790.819082
-2800.426902
-2792.783658
-2779.580873
-2791.354239
-2779.106462
-2779.738619
-2786.979900
-2785.098204
-2787.092784
-2772.241805
-2792.719304
-2790.079050
-2774.257798
-2799.695714
-2776.466956
-2795.568345
-2766.980201
-2785.125742
-2785.071075
-2788.047125
-2783.555355
-2792.225798
-2793.572536
-2799.373166
-2799.336763
-2786.890924
-2776.895989
-2790.225905
-2776.472578
-2777.623834
-2810.350295
-2777.457246
-2783.336405
-2765.151389
-2797.299656
-2779.050164
-2803.551957
-2802.604407
-2780.900489
-2786.012311
-2805.159862
-2804.177726
-2789.034023
-2799.495322
-2784.615083
-2798.432878
-2782.968356
-2779.720275
-2773.930446
-2791.795183
-2766.055752
-2768.170548
-2777.308064
