-154254.734567
-121201.575345
-76500.914039
-54717.306711
-44744.543236
-37138.072893
-28642.080874
-25439.989291
-24151.590149
-23116.029465
-22605.041909
-22353.305633
-21984.067987
-21790.447578
-21791.685492
-21616.937717
-21414.375295
-21241.625335
-21078.502058
-21134.709402
-20989.601352
-20810.031369
-20730.004468
-20792.001905
-20681.827225
-20629.445989
-20530.980351
-20356.043687
-20292.515368
-20199.896767
-20147.795444
-20176.052825
-20131.169940
-20238.591869
-20181.029852
-20131.431918
-20114.173623
-20124.722890
-19977.529220
-19989.990283
-19866.695177
-19889.432749
-19725.156498
-19458.695451
-19237.046471
-19172.303168
-19051.843687
-19072.883083
-19035.791613
-18995.536028
-18996.576114
-18919.559848
-18958.535264
-18989.530976
-18928.500068
-18970.614002
-18974.829089
-19012.162711
-19022.072463
-19019.473751
-18965.437084
-19005.926288
-19069.352614
-19026.741942
-18969.570628
-19039.851310
-18990.427560
-18968.714693
-18968.237073
-18887.990998
-18917.998888
-18889.254509
-18916.955160
-18932.542372
-19018.388181
-18986.178894
-18974.161471
-18898.213992
-18883.346475
-18831.861980
-18816.874835
-18897.606998
-18948.821772
-18917.970265
-18926.770612
-18870.203708
-18865.687424
-18810.775175
-18789.141856
-18814.010647
-18796.957406
-18833.746459
-18864.095262
-18839.175432
-18721.297224
-18793.539329
-18792.202279
-18789.081208
-18796.963106
-18773.855968
