-149435.645192
-104491.802055
-66516.180843
-48759.739129
-39722.901850
-36553.635278
-35481.677266
-34540.976317
-33918.470948
-33113.277105
-32708.745693
-32499.994359
-32313.824762
-32061.072853
-31823.614249
-31761.521071
-31758.054862
-31583.645360
-31539.473661
-31272.988269
-31010.031790
-30890.776040
-30777.410591
-30812.248136
-30823.364821
-30656.544567
-30467.144907
-29917.339264
-29608.980389
-29587.203398
-29558.556614
-29562.323947
-29507.188083
-29475.692877
-29466.436230
-29432.503024
-29492.220827
-29420.229565
-29422.241862
-29348.859925
-29388.336457
-29403.519070
-29358.232771
-29404.615505
-29392.442409
-29371.884833
-29405.784874
-29404.734538
-29359.186217
-29366.876172
-29398.238184
-29307.823308
-29346.856373
-29360.403745
-29357.267669
-29354.069508
-29383.297944
-29387.444846
-29419.693529
-29417.984222
-29486.150546
-29569.877483
-29432.626748
-29496.947531
-29541.353122
-29514.121305
-29536.309115
-29576.606809
-29669.830392
-29539.353361
-29462.785424
-29475.618821
-29430.061290
-29381.835063
-29415.161144
-29379.257811
-29345.556672
-29379.787544
-29456.205287
-29411.152534
-29412.064411
-29391.622842
-29422.220061
-29449.455785
-29399.341984
-29468.746735
-29456.260748
-29462.541347
-29478.655291
-29369.235858
-29372.848245
-29349.057050
-29425.829533
-29418.483686
-29341.773790
-29401.647427
-29352.793802
-29385.605975
-29383.631820
-29397.170922
