-44425.439559
-34491.774295
-23786.659434
-16353.536076
-12684.347721
-10899.160202
-9925.365790
-9525.473739
-9240.203531
-8938.845402
-8544.709359
-8293.201668
-8179.864920
-7836.873221
-7531.391148
-7375.876583
-7347.763120
-7258.018532
-7204.826019
-7206.104219
-7128.124400
-7093.486131
-6976.062089
-6815.380418
-6639.346586
-6631.586962
-6574.049860
-6614.259924
-6584.079998
-6577.364410
-6629.267392
-6638.129082
-6663.213140
-6613.183399
-6681.394191
-6682.373233
-6704.876235
-6686.114108
-6625.247745
-6599.247627
-6637.862729
-6619.266436
-6594.854774
-6530.567928
-6632.204988
-6670.707229
-6667.094655
-6587.702384
-6545.393978
-6572.586341
-6478.429065
-6486.345839
-6519.347226
-6570.752153
-6543.405555
-6470.023628
-6544.970652
-6597.705381
-6516.106625
-6493.384881
-6498.685397
-6560.245846
-6585.083974
-6593.508544
-6668.906339
-6609.203509
-6670.651944
-6653.873032
-6612.094629
-6623.155603
-6603.337255
-6570.779137
-6531.873709
-6542.311241
-6569.097035
-6595.278674
-6622.408195
-6609.049270
-6601.643874
-6532.636763
-6466.966787
-6494.712692
-6487.762738
-6561.082579
-6471.954746
-6519.058256
-6508.198159
-6510.198124
-6515.573155
-6521.720979
-6592.194201
-6507.814938
-6476.215917
-6519.114079
-6454.946660
-6434.736827
-6527.658500
-6541.774189
-6615.792826
-6472.719838
