-43764.770150
-33999.313061
-23100.711817
-17002.482373
-13951.231805
-12643.977128
-11948.647945
-11276.603814
-10708.461500
-10119.574621
-9979.465386
-9764.851299
-9785.634178
-9772.239886
-9620.853385
-9550.248625
-9418.879433
-9501.733792
-9456.910470
-9402.007673
-9412.874609
-9440.801594
-9302.588541
-9241.170312
-9254.385006
-9361.450935
-9279.524682
-9370.692932
-9402.409075
-9300.821527
-9348.588914
-9234.172298
-9268.954029
-9274.389884
-9280.067697
-9206.492307
-9132.055156
-9234.239654
-9173.963111
-9294.079119
-9143.209836
-9006.904461
-9108.864539
-9182.418132
-9106.268140
-9131.023413
-9158.122966
-9120.804936
-9113.821580
-9084.607749
-9090.190023
-9125.851449
-9164.411119
-9168.117523
-9356.535162
-9232.882124
-9269.348605
-9207.387086
-9083.559012
-9109.786501
-9033.223004
-9044.046105
-9143.275392
-9133.832440
-9200.457135
-9107.415343
-9122.556476
-9096.193568
-9109.525042
-9134.742601
-9196.934119
-9134.130539
-9179.839670
-9160.076751
-9233.506898
-9289.801999
-9247.307253
-9232.008345
-9258.876969
-9133.696984
-9206.311102
-9160.628364
-9191.364273
-9205.187194
-9274.137865
-9323.032931
-9247.766139
-9242.623941
-9365.195722
-9320.752769
-9306.499712
-9382.671481
-9286.834798
-9233.989824
-9295.694934
-9239.708656
-9296.587849
-9309.429464
-9286.600910
-9252.763743
