-9923.321867
-7563.138545
-5417.931845
-4176.190229
-3727.255714
-3452.133258
-3274.746065
-3125.299699
-3088.645511
-3035.516231
-2975.460996
-2906.406522
-2843.071628
-2719.556242
-2677.554595
-2639.587030
-2632.291936
-2619.844553
-2625.483671
-2656.367694
-2641.563325
-2631.356365
-2632.414754
-2628.984409
-2646.458957
-2635.633877
-2599.301331
-2580.114071
-2580.511937
-2538.311631
-2535.430626
-2526.886971
-2528.417237
-2515.972919
-2513.023275
-2518.897351
-2523.015065
-2526.555416
-2524.703925
-2514.305028
-2510.198709
-2514.246741
-2525.597936
-2523.903328
-2533.069122
-2527.579483
-2518.705170
-2537.672727
-2556.800124
-2520.642060
-2520.855222
-2528.020409
-2509.842275
-2508.579315
-2516.136530
-2498.772665
-2508.061448
-2503.933808
-2517.646343
-2504.279297
-2526.941934
-2512.789700
-2523.395770
-2489.298090
-2512.780794
-2506.286809
-2512.350743
-2516.728080
-2523.994415
-2500.077969
-2520.324661
-2526.730454
-2500.985391
-2519.194150
-2536.680664
-2549.133954
-2521.097368
-2531.395020
-2514.110511
-2516.142745
-2530.720110
-2508.681576
-2520.431441
-2494.433293
-2503.952941
-2501.109082
-2511.978739
-2498.112584
-2499.764459
-2507.149775
-2505.236074
-2508.488937
-2522.345104
-2508.179045
-2510.783845
-2518.933814
-2502.252419
-2492.948325
-2512.323555
-2510.236874
