-12766.078262
-8103.143562
-5293.421190
-4081.579450
-3408.022214
-3099.178993
-3005.261196
-2993.293303
-2960.586848
-2939.577301
-2904.425277
-2877.060129
-2872.734970
-2874.546070
-2857.413637
-2884.281494
-2869.819976
-2886.344461
-2868.068312
-2809.442878
-2822.307733
-2836.959542
-2813.971292
-2827.108891
-2859.726500
-2824.068653
-2874.186034
-2855.620703
-2860.642781
-2812.212027
-2852.828508
-2809.095671
-2835.588395
-2842.757203
-2843.266707
-2836.292709
-2832.466007
-2835.829544
-2810.335194
-2849.827019
-2855.566956
-2844.868435
-2869.842687
-2825.768576
-2818.395690
-2840.862321
-2892.915105
-2854.373714
-2831.975515
-2828.855811
-2810.377757
-2834.124370
-2863.358691
-2816.726813
-2854.252750
-2835.398329
-2846.317602
-2834.285303
-2830.369045
-2852.320543
-2847.195471
-2808.812547
-2822.313263
-2837.400481
-2839.868810
-2849.968613
-2817.436495
-2824.021185
-2833.200017
-2825.262040
-2816.587926
-2890.398911
-2840.467643
-2848.879500
-2863.488339
-2869.795853
-2915.227057
-2903.544764
-2898.419758
-2849.958547
-2871.704418
-2833.078999
-2864.095580
-2834.128778
-2860.150815
-2853.364695
-2839.114042
-2842.249538
-2855.898066
-2878.262354
-2871.646717
-2865.973600
-2862.750960
-2882.595508
-2822.665061
-2877.204944
-2856.870185
-2836.360604
-2861.866366
-2832.928258
