-21551.833076
-17581.419491
-12765.844978
-8770.826045
-7350.035963
-6477.152420
-5676.698493
-4912.068608
-4594.367751
-4431.345086
-4398.908423
-4354.877175
-4319.345624
-4296.257454
-4320.367990
-4269.422600
-4252.025110
-4267.215458
-4250.284270
-4205.211720
-4196.470686
-4192.928510
-4074.827194
-4150.658815
-4155.217106
-4150.838039
-4163.906064
-4150.502971
-4160.000802
-4077.566255
-4090.839931
-4088.281306
-4062.876798
-4070.185708
-3995.953873
-3964.535632
-3996.236499
-4006.734849
-3934.866574
-4002.116745
-3989.580139
-4029.959805
-3997.461599
-4005.617542
-3997.253204
-4060.933344
-4031.851212
-4018.436615
-4023.727686
-4016.232606
-4025.838450
-4017.512246
-4100.500422
-4051.424531
-4068.795040
-4063.036089
-3994.957196
-3920.891081
-3972.121922
-3988.569433
-3997.115766
-4016.739086
-4099.581138
-4066.816582
-4037.462214
-4013.677795
-4090.603011
-4038.305668
-4033.269230
-3987.065989
-3984.059886
-4045.230908
-4014.760864
-3978.470760
-4005.475772
-4008.284862
-4040.165143
-4050.457512
-3980.399590
-4002.476414
-4039.932776
-3995.152618
-3910.306799
-3926.506667
-3932.224136
-3984.991108
-4008.956829
-4031.068329
-4012.155543
-4035.234527
-4045.917538
-3976.326964
-3997.063996
-3973.894910
-3982.091722
-3980.865124
-3971.055234
-3999.193031
-4004.617144
-3988.593611
