-26184.379696
-20967.427237
-14937.951294
-10166.835762
-6510.390524
-5130.540353
-4504.733496
-4115.131774
-3819.443816
-3762.774879
-3713.878458
-3712.500572
-3737.576577
-3622.180113
-3619.287080
-3671.245457
-3602.282265
-3562.478666
-3549.106704
-3580.446036
-3486.033128
-3492.737238
-3516.166601
-3514.944054
-3521.378937
-3493.370303
-3504.749532
-3515.696045
-3487.479958
-3466.490791
-3477.824752
-3476.205637
-3400.300309
-3244.279784
-3083.667995
-3061.796857
-3074.495535
-3095.708231
-3084.532045
-3071.265646
-3099.512947
-3099.229011
-3081.004333
-3085.326532
-3062.025319
-3043.718509
-3076.710270
-3065.366278
-3039.320794
-3045.718551
-3047.674759
-3076.365693
-3052.250772
-3084.691871
-3085.690581
-3065.677609
-3070.100408
-3068.506182
-3084.535787
-3094.374791
-3074.543705
-3099.680697
-3043.113884
-3089.275228
-3073.944399
-3086.964722
-3097.788141
-3111.205471
-3097.686326
-3075.268880
-3143.855409
-3127.623144
-3076.478738
-3137.146837
-3093.789350
-3075.110802
-3064.129547
-3070.989996
-3086.691001
-3118.906252
-3054.413362
-3082.825535
-3122.678447
-3069.756039
-3098.790668
-3082.134648
-3056.934448
-3099.227577
-3095.085142
-3088.721626
-3077.797858
-3067.397695
-3065.172468
-3028.609575
-3043.784167
-3082.509214
-3040.947345
-3062.218327
-3054.347153
-3034.500971
