-15362.255270
-11975.601551
-7809.088744
-5884.561282
-4936.696141
-4719.421989
-4585.353075
-4509.865444
-4488.492648
-4533.258916
-4480.516075
-4439.207217
-4525.980942
-4538.715138
-4491.422687
-4490.301193
-4437.233206
-4450.698293
-4402.617168
-4410.148628
-4481.218845
-4491.818606
-4434.801770
-4448.021646
-4390.055064
-4386.141450
-4347.478487
-4436.390344
-4382.958985
-4387.632979
-4430.198871
-4413.410062
-4367.093240
-4396.322593
-4304.117219
-4315.926413
-4324.315872
-4355.666256
-4343.078626
-4325.282945
-4351.922274
-4403.121905
-4404.753211
-4305.226096
-4249.671981
-4227.063460
-4237.824641
-4215.182568
-4212.512271
-4187.280684
-4173.450774
-4149.094778
-4156.944649
-4232.316122
-4267.488544
-4277.288121
-4282.376605
-4271.273262
-4217.676253
-4232.244728
-4207.378506
-4212.349367
-4099.770444
-4146.387759
-4161.530769
-4190.518539
-4174.270507
-4204.450115
-4162.623789
-4241.645781
-4260.564913
-4254.929119
-4264.412024
-4265.405994
-4346.336765
-4292.011884
-4292.706951
-4269.241173
-4248.040611
-4235.838610
-4195.804597
-4221.423826
-4191.636459
-4271.448666
-4201.401175
-4217.503573
-4249.525486
-4275.844876
-4214.183571
-4151.255463
-4136.599698
-4169.467759
-4222.990033
-4277.986391
-4242.194830
-4223.019643
-4250.752137
-4354.455888
-4372.138766
-4300.793926
