-17326.264981
-13694.536349
-9872.921914
-7644.573648
-6626.839568
-6234.634138
-5885.760170
-5715.056487
-5558.185863
-5338.991234
-5219.675903
-5136.676931
-5054.900737
-4983.518746
-4934.145875
-4912.351594
-4897.935152
-4869.605060
-4845.193800
-4899.009249
-4842.898972
-4854.753443
-4858.637733
-4836.108255
-4839.270417
-4870.756181
-4846.585669
-4846.867612
-4829.046792
-4833.459426
-4826.477124
-4826.661835
-4843.961068
-4807.725048
-4850.220140
-4869.359939
-4836.395289
-4827.844205
-4798.054711
-4835.515468
-4750.953930
-4810.215437
-4826.523654
-4807.025348
-4817.127051
-4845.071620
-4852.015109
-4809.016057
-4790.004315
-4747.979434
-4792.807947
-4783.128636
-4791.307990
-4769.364373
-4806.640249
-4815.452276
-4805.196477
-4813.153310
-4769.698829
-4788.227015
-4761.945396
-4810.851626
-4820.270730
-4835.629469
-4874.598910
-4835.317747
-4807.473993
-4805.686605
-4834.083579
-4813.167671
-4787.909404
-4814.324389
-4811.884136
-4826.525176
-4795.475571
-4814.095464
-4784.610989
-4792.376388
-4786.318455
-4765.914523
-4771.397286
-4799.537191
-4808.676893
-4764.231927
-4778.741256
-4748.509207
-4794.373263
-4782.040797
-4758.047482
-4738.077756
-4770.379094
-4757.905212
-4740.008303
-4719.512364
-4768.978606
-4771.099195
-4750.174587
-4774.556548
-4791.365781
-4809.708005
