-16803.818970
-16743.919423
-16555.932242
-16733.510657
-16872.163196
-16947.680125
-16954.246791
-16963.362619
-16917.398677
-16931.285524
-17163.147174
-17070.319826
-17091.273552
-16994.001511
-17152.734434
-17148.303714
-17334.635009
-17155.620239
-17250.608615
-17437.625797
-17495.358049
-17698.255437
-18044.319841
-18134.303477
-18218.812686
-18255.248670
-18206.722728
-18095.170432
-18319.575719
-18263.027486
-18268.250149
-18353.783206
-18654.074125
-18783.442322
-18609.251497
-18447.101051
-18441.818175
-18523.683887
-18559.333706
-18638.628770
-18659.880923
-18632.982651
-18602.657149
-18612.448873
-18383.558458
-18314.506426
-18459.399563
-18428.086776
-18530.077693
-18416.906149
-18452.228559
-18311.489523
-18466.993410
-18608.789686
-18489.447329
-18608.424992
-18608.071823
-18533.554362
-18551.617857
-18535.336181
-18428.875607
-18430.862537
-18305.340553
-18146.286871
-18227.860920
-18359.235841
-18484.832806
-18607.721699
-18693.273478
-18638.320991
-18837.465042
-18827.772925
-18731.435603
-18667.849828
-18545.843767
-18630.529050
-18692.114250
-18691.397243
-18798.321814
-18902.211560
-19024.045157
-18904.938292
-18781.304331
-18661.506682
-18726.110761
-18736.288608
-18820.044177
-18699.305063
-18652.061292
-18639.638599
-18583.940296
-18560.166101
-18521.668064
-18300.312589
-18280.281512
-18280.034913
-18244.774062
-18320.836567
-18426.431452
-18187.483095
-18193.832397
-18107.608530
-18159.336742
-17955.447392
-18120.589733
-18177.707822
-18112.756960
-18169.883140
-18054.304064
-18116.117042
-18158.633838
-18201.415599
-18266.416809
-17962.492052
-17949.529984
-17997.467288
-17860.987389
-17937.743217
-17850.142504
-17852.225844
-17989.070862
-17934.177580
-17976.616701
-17844.631674
-17729.920396
-17675.446304
-17608.010638
-17422.511687
-17525.844090
-17821.176944
-18047.582095
-18006.448148
-18110.589835
-18196.791560
-18282.564465
-18419.786408
-18410.539376
-18327.800653
-18339.655212
-18367.972272
-18451.345258
-18495.351527
-18423.744515
-18602.937191
-18492.633505
-18329.296886
-18225.669086
-18248.895724
-18420.191105
-18191.262113
-18011.132675
-17716.504747
-17827.498640
-17672.498064
-17757.952936
-17660.250607
-17805.069137
-17569.095132
-17768.492060
-17724.078914
-17899.502724
-17808.470640
-17643.093402
-17793.792595
-17752.905559
-17538.735128
-17865.588611
-17719.674698
-17806.622480
-17806.092745
-17887.585079
-18062.061846
-18141.782283
-18281.874411
-18364.260621
-18366.029863
-18300.954735
-18369.619542
-18332.540980
-18629.753796
-18638.643359
-18672.988119
-18675.817349
-18732.752784
-18368.480108
-18351.463737
-18293.071293
-18201.475494
-18147.143164
-18054.396591
-17995.019901
-17884.039798
-17846.746020
-17878.973413
-17933.887638
-17942.353586
-18156.705243
-18107.902452
-18184.911743
-18301.498301
-18273.160390
-18255.295638
-18301.858361
-18520.170565
-18597.057271
-18647.613600
-18685.097013
-18629.902769
-18522.982066
-18539.554960
-18522.585300
-18473.641156
-18414.188382
-18376.174813
-18381.760991
-18228.909550
-18388.368610
-18522.290631
-18529.229864
-18554.039904
-18631.492428
-18667.535736
-18623.851044
-18636.226808
-18649.968574
-18403.965691
-18368.062559
-18519.165044
-18658.589914
-18477.154427
-18609.751004
-18568.928347
-18427.066008
-18452.635646
-18452.385836
-18342.914020
-18224.385808
-18257.074068
-18435.589221
-18382.501002
-18524.409889
-18633.690430
-18552.424189
-18507.145131
-18611.102854
-18652.682639
-18629.532876
-18801.587601
-18737.367660
-18711.467682
-18687.795679
-18663.560465
-18485.249687
-18625.800501
-18599.601858
-18513.921566
-18616.104487
-18444.496536
-18650.536214
-18491.559581
-18571.471659
-18548.147379
-18542.860308
-18614.270970
-18770.071957
-18706.630620
-18529.886240
-18320.865216
-18332.110069
-18252.133459
-18234.349362
-18163.721798
-18179.059710
-18053.126025
-18095.859294
-18258.510680
-18131.508035
-18088.936106
-18102.516174
-18032.628228
-17994.227911
-18037.167325
-17924.629606
-17876.014628
-17835.130028
-17888.971212
-17856.925821
-17727.054298
-17880.825727
-17733.241707
-17687.903569
-17656.181074
-17656.491671
-17665.394829
-17739.786163
-17424.059176
-17165.670522
-17278.121844
-17216.286379
-17053.611446
-17191.022983
-17302.065887
-17305.057509
-17229.136803
-17138.837905
-17077.275813
-17080.575950
-17085.889280
-16990.199417
-17067.992442
-17148.257629
-17114.148783
-16944.630799
-17139.099305
-17248.557656
-17229.094001
-17163.360010
-17270.357191
-17313.326617
-17174.005166
-17184.221149
-17265.579835
-17185.026763
-17146.238678
-17096.963839
-17227.813980
-17185.594720
-17067.446591
-17253.912458
-17226.713734
-17390.242755
-17396.420915
-17343.122843
-17293.329511
-17505.478742
-17388.177888
-17402.245717
-17387.463856
-17639.200451
-17705.259312
-17608.820812
-17646.291146
-17584.050700
-17665.529403
-17628.317991
-17658.582638
-17539.872163
-17629.911841
-17710.357622
-17564.935252
-17412.268106
-17526.113844
-17673.582961
-17658.857621
-17668.282274
-17369.416933
-17272.271720
-17310.910386
-17536.803063
-17518.147215
-17659.294105
-17605.935944
-17650.557721
-17685.506979
-17729.783216
-17633.670932
-17458.070083
-17555.596213
-17498.342373
-17545.213923
-17440.153778
-17489.828655
-17558.365166
-17428.200291
-17377.416223
-17382.884856
-17386.138172
-17415.321774
-17467.536047
-17443.141993
-17355.508218
-17327.411757
-17186.245170
-17334.036273
-17151.826507
-17075.635870
-17182.706012
-17262.989912
-17136.938436
-17188.572318
-17217.945008
-17280.421705
-17465.556721
-17482.688206
-17384.474088
-17315.601250
-17459.469258
-17361.890015
-17399.918585
-17262.206879
-17256.661932
-17243.280674
-17346.294209
-17392.997676
-17308.917159
-17212.528783
-17166.026657
-17213.984777
-17309.288507
-17210.570766
-17412.349070
-17531.067514
-17592.433426
-17632.913440
-17591.084938
-17510.221008
-17565.094912
-17732.552542
-17714.424099
-17738.913754
-17567.587034
-17562.192352
-17865.481705
-17803.553876
-17776.193929
-17859.027035
-17673.655013
-17664.454252
-17559.709775
-17723.070951
-17642.464576
-17726.436148
-17918.317522
-18022.104359
-18059.738789
-18041.521110
-17887.807086
-17937.659101
-18055.164008
-17833.378958
-17952.847679
-17973.092282
-17860.172861
-17764.657125
-17589.338197
-17451.709111
-17508.373850
-17399.479716
-17403.722711
-17667.054604
-17442.991699
-17329.853131
-17381.926980
-17462.069735
-17550.620818
-17471.422916
-17421.820544
-17244.902856
-17044.457505
-16980.662182
-16971.030127
-16837.393107
-16736.065082
-16634.845797
-16653.383265
-16714.842723
-16624.069894
-16661.019897
-16585.718410
-16607.270097
-16610.380700
-16691.445843
-16789.338911
-16674.320610
-16724.979167
-16668.992504
-16483.727380
-16355.507237
-16344.494841
-16175.074123
-16252.750669
-16260.689304
-16424.152934
-16358.582844
-16193.740736
-16071.452023
-16054.251950
-16073.441460
-15995.457475
-16129.951374
-16341.670427
-16326.210767
-16278.924336
-16381.808939
-16367.763395
-16372.888014
-16203.806660
-16301.470461
-16184.494176
-16320.366203
