-20001.310873
-18779.249695
-18255.001986
-18151.635901
-18010.151202
-17979.181619
-18027.445283
-17685.657292
-17615.372571
-17631.683494
-17406.016197
-17386.528498
-17009.891618
-16885.485220
-16885.485250
-16572.516661
-16445.816929
-16520.647740
-16470.204001
-16419.331164
-16300.937757
-16157.606519
-16295.683361
-16466.751166
-16397.512200
-16377.905422
-16419.980102
-16407.614840
-16241.463495
-16297.156373
-16432.483306
-16397.303763
-16554.684346
-16568.298551
-16423.077609
-16532.992119
-16447.391470
-16316.499616
-16431.595326
-16388.679027
-16363.845654
-16377.553101
-16401.142831
-16416.991260
-16397.456329
-16334.648375
-16125.313641
-16328.225213
-16005.705477
-16004.571611
-16003.510893
-15844.977863
-15877.388069
-15824.651056
-16093.540356
-16097.564149
-16326.601330
-16186.822067
-16281.044495
-16238.142194
-16207.973475
-16203.926969
-16334.588244
-16115.582729
-16064.028333
-16345.066367
-16080.624592
-16128.360686
-16077.343160
-15869.968239
-15576.568878
-15681.284086
-15686.284209
-15674.439210
-15594.547352
-15604.436946
-15686.689403
-15689.137256
-15785.229017
-16016.389994
-16042.903389
-16014.734230
-15930.370993
-15960.304110
-16131.801907
-16004.509799
-16181.496172
-16111.294802
-16125.993404
-15928.335167
-15958.344067
-15851.070092
-15722.404576
-15795.102122
-15825.518444
-15825.808243
-15829.769181
-15806.995222
-15695.555949
-15793.377429
-16033.405160
-16168.872030
-16149.974428
-16211.248151
-16129.470082
-16159.090462
-16434.583500
-16311.309511
-16460.427879
-16854.346907
-17044.993800
-17125.299257
-17141.414964
-17132.296753
-17115.078741
-16946.843063
-16898.764924
-16915.865929
-16869.734122
-16863.349162
-16810.979167
-16590.846156
-16440.443536
-16405.329891
-16386.650924
-16333.499672
-16342.572672
-16242.085916
-16119.947977
-16179.862140
-16148.157816
-16206.825442
-16174.123946
-16019.220209
-16174.981549
-15970.227690
-16026.054811
-15882.298634
-15732.517910
-15857.792404
-15914.328548
-15838.316808
-16041.757991
-16082.607932
-15989.947367
-15969.686641
-16010.706377
-16244.921669
-16279.402969
-16286.216075
-16457.710010
-16585.822291
-16539.600948
-16571.992054
-16407.717518
-16311.866985
-16412.682763
-16191.902863
-16317.969135
-16209.477919
-16211.027348
-16256.516369
-16332.764224
-16489.648319
-16539.602654
-16661.401666
-16727.108777
-16585.463656
-16503.959493
-16348.296626
-16425.193526
-16309.123755
-16335.904914
-16335.640971
-16366.432716
-16264.919687
-16402.120833
-16263.800032
-16283.642779
-16328.738273
-16181.011414
-16108.630142
-16067.276375
-15850.772470
-15913.383146
-15928.909792
-16119.003093
-15896.037250
-15775.985418
-15800.466234
-15940.003756
-15939.513934
-15842.849276
-15870.195943
-15646.403626
-15585.148992
-15463.678882
-15538.616698
-15548.310451
-15483.742468
-15627.866084
-15600.216512
-15644.516480
-15653.489161
-15638.251910
-15485.165206
-15454.766063
-15516.226541
-15599.947269
-15614.450434
-15784.084487
-15602.682463
-15605.542646
-15599.740835
-15661.359587
-15612.374268
-15526.363368
-15625.361103
-15681.598101
-15591.344203
-15411.630057
-15583.493113
-15441.692871
-15302.464850
-15310.600447
-15221.045019
-15104.894045
-14941.541024
-14887.957883
-14821.281542
-14933.264904
-14914.332121
-15095.165636
-15081.059595
-15167.473306
-14912.257597
-15095.887061
-14950.598488
-14907.615945
-15068.179073
-14934.353016
-14882.257837
-14927.080372
-15137.280973
-14932.301124
-15134.466734
-15396.503836
-15396.477334
-15314.617980
-15448.491174
-15427.486932
-15425.209624
-15435.159032
-15639.517992
-15639.346328
-15611.450390
-15390.765843
-15235.247417
-15281.880475
-15223.189869
-15149.218954
-15082.241150
-15115.898431
-15196.933041
-15129.805553
-15065.711810
-15011.590692
-15086.139048
-14860.543381
-14961.341763
-15141.657699
-15110.073279
-15083.735678
-15113.985249
-14995.261696
-15097.399425
-15081.464012
-15002.645578
-15039.875273
-14870.972509
-14960.629791
-14771.746911
-14775.508489
-14881.611177
-14759.209783
-14851.791562
-14862.123775
-15049.551413
-15355.330493
-15547.272309
-15454.905429
-15399.456883
-15498.021614
-15554.379427
-15528.533808
-15717.592312
-15765.136738
-15446.366728
-15479.489782
-15505.147246
-15374.931292
-15586.781084
-15576.037323
-15463.217272
-15535.612548
-15518.255150
-15440.350465
-15582.353305
-15578.843600
-15478.414498
-15484.156743
-15773.348731
-15854.754275
-16093.287931
-16033.002423
-16225.274065
-16206.938623
-15974.346945
-16024.434457
-15898.186510
-15814.621648
-15817.771956
-15833.427750
-15970.079176
-16077.576676
-15976.074152
-15895.555653
-15674.652403
-15741.237483
-15855.391006
-15922.335145
-15678.412354
-15828.857303
-15817.659396
-15982.659805
-15927.132407
-16013.860628
-15774.982180
-15765.542808
-15785.101388
-15865.423193
-15919.401813
-15937.608114
-15976.702882
-15781.029246
-15842.752584
-16050.728032
-15878.189441
-15910.678183
-15636.672231
-15619.598394
-15426.228296
-15516.582700
-15371.628123
-15442.864371
-15406.981411
-15398.769051
-15475.016280
-15476.618312
-15510.382691
-15404.217695
-15325.897711
-15219.782400
-15315.727809
-15296.850369
-15263.543172
-15309.665524
-15114.642189
-15119.681980
-15171.036323
-15082.138027
-15194.718670
-15174.749588
-15226.425745
-15308.018794
-15257.753412
-15431.071677
-15281.802604
-15301.739291
-15342.444858
-15418.050628
-15608.720839
-15670.374159
-15492.617117
-15639.515417
-15533.655052
-15783.955490
-15707.803243
-15813.897542
-15730.422981
-15618.626800
-15606.950562
-15729.294702
-15581.226757
-15575.203382
-15551.825631
-15657.333058
-15907.279663
-15872.529593
-16064.131186
-16034.930100
-16207.247461
-16102.144867
-16034.736257
-16039.110773
-15973.532615
-15979.346788
-16098.096825
-16032.923290
-16043.716435
-15958.512964
-15743.794928
-15521.569583
-15571.111395
-15613.181412
-15575.757007
-15416.065900
-15551.700821
-15492.354969
-15418.226153
-15397.904776
-15487.964266
-15652.182898
-15717.157100
-15780.674491
-15733.512553
-15672.062632
-15712.100027
-15963.940040
-15952.946681
-15839.292716
-15938.948710
-16042.039964
-15903.292475
-15866.283785
-15975.709227
-15838.118416
-15837.217214
-15944.164932
-15849.439008
-15766.838054
-15826.184920
-15795.444066
-15945.971144
-15911.601302
-15792.358740
-15940.619536
-15771.233207
-15760.618349
-15679.441489
-15572.698068
-15535.286037
-15590.397218
-15735.945295
-15497.301492
-15592.981443
-15545.926358
-15704.280900
-15664.153366
-15816.346524
-15582.813955
-15686.847360
-15483.386014
-15672.649880
-15563.894946
-15596.135924
-15685.620551
-15612.906021
-15490.575293
-15499.052243
-15259.746497
-15124.288281
-15035.365866
-14980.417998
-15042.957697
-15170.991199
-15085.474163
-15127.167562
-14970.943031
-14937.160075
-14786.991570
-14800.185649
-15005.246202
-15149.258526
-15059.531493
-15148.861543
-15136.981723
-15074.790453
-14972.855176
-15082.235626
-15063.593233
-15244.713458
-15311.466248
-15259.058742
-15499.582080
-15439.440855
-15310.965778
-15490.130273
-15249.977965
-15303.700161
